120
22,0,1,_X,-1,0,0
22,0,1,_X,-1,0,0
22,0,1,_X,-1,0,0
22,0,1,_X,-1,0,0
22,0,1,_X,-1,0,0
22,0,1,_X,-1,0,0
22,0,1,_X,-1,0,0
3,2,0,0,0,20,0,0
3,2,1,1,0,20,0,0
3,2,2,2,0,20,0,0
3,2,3,3,0,20,0,0
3,2,4,4,0,20,0,0
3,2,5,5,0,20,0,0
3,2,6,6,0,20,0,0
4,1,0,1,XBXBUF,-1,0,0
17,0,1,XBX,-1,0,0
7,1,0,0,20,0,0
18,0,1,XBX,-1,0,0
5,1,0,0,20,0,0
5,1,1,0,20,0,0
5,1,2,0,20,0,0
5,1,3,0,20,0,0
5,1,4,0,20,0,0
5,1,5,0,20,0,0
5,1,6,0,20,0,0
7,1,0,0,21,0,0
7,1,1,0,21,0,0
7,1,2,0,21,0,0
7,1,3,0,21,0,0
7,1,4,0,21,0,0
7,1,5,0,21,0,0
7,1,6,0,21,0,0
19,1,0,0,1,0,0
2,3,0,0,0,0,-1,0,0
2,3,0,1,0,0,-1,0,0
2,3,0,2,0,0,-1,0,0
2,3,0,3,0,0,-1,0,0
19,1,1,0,1,0,0
2,3,1,0,0,0,-1,0,0
2,3,1,1,0,0,-1,0,0
2,3,1,2,0,0,-1,0,0
2,3,1,3,0,0,-1,0,0
2,3,1,4,0,0,-1,0,0
2,3,1,5,0,0,-1,0,0
2,3,1,6,0,0,-1,0,0
19,1,2,0,1,0,0
2,3,2,0,0,0,-1,0,0
2,3,2,1,0,0,-1,0,0
2,3,2,2,0,0,-1,0,0
2,3,2,3,0,0,-1,0,0
2,3,2,4,0,0,-1,0,0
2,3,2,5,0,0,-1,0,0
2,3,2,6,0,0,-1,0,0
19,1,3,0,1,0,0
2,3,3,0,0,0,-1,0,0
2,3,3,1,0,0,-1,0,0
2,3,3,2,0,0,-1,0,0
2,3,3,3,0,0,-1,0,0
2,3,3,4,0,0,-1,0,0
2,3,3,5,0,0,-1,0,0
2,3,3,6,0,0,-1,0,0
19,1,4,0,1,0,0
2,3,4,1,0,0,-1,0,0
2,3,4,2,0,0,-1,0,0
2,3,4,3,0,0,-1,0,0
2,3,4,4,0,0,-1,0,0
2,3,4,5,0,0,-1,0,0
2,3,4,6,0,0,-1,0,0
19,1,5,0,1,0,0
2,3,5,1,0,0,-1,0,0
2,3,5,2,0,0,-1,0,0
2,3,5,3,0,0,-1,0,0
2,3,5,4,0,0,-1,0,0
2,3,5,5,0,0,-1,0,0
2,3,5,6,0,0,-1,0,0
19,1,6,0,1,0,0
2,3,6,1,0,0,-1,0,0
2,3,6,2,0,0,-1,0,0
2,3,6,3,0,0,-1,0,0
2,3,6,4,0,0,-1,0,0
2,3,6,5,0,0,-1,0,0
2,3,6,6,0,0,-1,0,0
3,2,0,0,0,21,0,0
3,2,1,1,0,21,0,0
3,2,2,2,0,21,0,0
3,2,3,3,0,21,0,0
3,2,4,4,0,21,0,0
3,2,5,5,0,21,0,0
3,2,6,6,0,21,0,0
4,1,0,1,XAXBUF,-1,0,0
16,0,1,XAX,-1,0,0
21,0,1,EIGEN,-1,0,0
5,1,0,0,21,0,0
5,1,1,0,21,0,0
5,1,2,0,21,0,0
5,1,3,0,21,0,0
5,1,4,0,21,0,0
5,1,5,0,21,0,0
5,1,6,0,21,0,0
7,1,0,0,22,0,0
7,1,1,0,22,0,0
7,1,2,0,22,0,0
7,1,3,0,22,0,0
7,1,4,0,22,0,0
7,1,5,0,22,0,0
7,1,6,0,22,0,0
5,1,0,0,22,0,0
5,1,1,0,22,0,0
5,1,2,0,22,0,0
5,1,3,0,22,0,0
5,1,4,0,22,0,0
5,1,5,0,22,0,0
5,1,6,0,22,0,0
7,1,0,0,23,0,0
7,1,1,0,23,0,0
7,1,2,0,23,0,0
7,1,3,0,23,0,0
7,1,4,0,23,0,0
7,1,5,0,23,0,0
7,1,6,0,23,0,0
