371
22,0,1,_lambda,-1,0,0
22,0,1,_X,-1,0,0
22,0,1,_AX,-1,0,0
22,0,1,_P,-1,0,0
22,0,1,_AP,-1,0,0
22,0,1,_X,-1,0,0
22,0,1,_AX,-1,0,0
22,0,1,_P,-1,0,0
22,0,1,_AP,-1,0,0
22,0,1,_X,-1,0,0
22,0,1,_AX,-1,0,0
22,0,1,_P,-1,0,0
22,0,1,_AP,-1,0,0
22,0,1,_X,-1,0,0
22,0,1,_AX,-1,0,0
22,0,1,_P,-1,0,0
22,0,1,_AP,-1,0,0
22,0,1,_X,-1,0,0
22,0,1,_AX,-1,0,0
22,0,1,_P,-1,0,0
22,0,1,_AP,-1,0,0
22,0,1,_X,-1,0,0
22,0,1,_AX,-1,0,0
22,0,1,_P,-1,0,0
22,0,1,_AP,-1,0,0
22,0,1,_X,-1,0,0
22,0,1,_AX,-1,0,0
22,0,1,_P,-1,0,0
22,0,1,_AP,-1,0,0
5,1,0,0,1,0,0
5,1,1,0,1,0,0
5,1,2,0,1,0,0
5,1,3,0,1,0,0
5,1,4,0,1,0,0
5,1,5,0,1,0,0
5,1,6,0,1,0,0
9,1,0,0,1,0,0
9,1,1,0,1,0,0
9,1,2,0,1,0,0
9,1,3,0,1,0,0
9,1,4,0,1,0,0
9,1,5,0,1,0,0
9,1,6,0,1,0,0
1,0,1,RN,-1,0,0
10,1,0,0,-1,0,0
10,1,1,0,-1,0,0
10,1,2,0,-1,0,0
10,1,3,0,-1,0,0
10,1,4,0,-1,0,0
10,1,5,0,-1,0,0
10,1,6,0,-1,0,0
12,0,1,RNBUF,-1,0,0
13,0,1,RN,-1,0,0
11,2,0,0,0,-1,0,0
11,2,1,1,0,-1,0,0
11,2,2,2,0,-1,0,0
11,2,3,3,0,-1,0,0
11,2,4,4,0,-1,0,0
11,2,5,5,0,-1,0,0
11,2,6,6,0,-1,0,0
1,0,1,actMask,-1,0,0
20,0,1,actMask,-1,0,0
14,1,0,0,1,0,0
14,1,1,0,1,0,0
14,1,2,0,1,0,0
14,1,3,0,1,0,0
14,1,4,0,1,0,0
14,1,5,0,1,0,0
14,1,6,0,1,0,0
4,1,0,1,temp2BUF,-1,0,0
3,2,0,0,0,1,0,0
3,2,1,1,0,1,0,0
3,2,2,2,0,1,0,0
3,2,3,3,0,1,0,0
3,2,4,4,0,1,0,0
3,2,5,5,0,1,0,0
3,2,6,6,0,1,0,0
5,1,0,0,2,0,0
5,1,1,0,2,0,0
5,1,2,0,2,0,0
5,1,3,0,2,0,0
5,1,4,0,2,0,0
5,1,5,0,2,0,0
5,1,6,0,2,0,0
9,1,0,0,2,0,0
9,1,1,0,2,0,0
9,1,2,0,2,0,0
9,1,3,0,2,0,0
9,1,4,0,2,0,0
9,1,5,0,2,0,0
9,1,6,0,2,0,0
4,1,0,1,RBRBUF,-1,0,0
3,2,0,0,0,2,0,0
3,2,1,1,0,2,0,0
3,2,2,2,0,2,0,0
3,2,3,3,0,2,0,0
3,2,4,4,0,2,0,0
3,2,5,5,0,2,0,0
3,2,6,6,0,2,0,0
17,0,1,RBR,-1,0,0
18,0,1,RBR,-1,0,0
5,1,0,0,3,0,0
5,1,1,0,3,0,0
5,1,2,0,3,0,0
5,1,3,0,3,0,0
5,1,4,0,3,0,0
5,1,5,0,3,0,0
5,1,6,0,3,0,0
7,1,0,0,1,0,0
7,1,1,0,1,0,0
7,1,2,0,1,0,0
7,1,3,0,1,0,0
7,1,4,0,1,0,0
7,1,5,0,1,0,0
7,1,6,0,1,0,0
19,1,0,0,1,0,0
2,3,0,0,0,0,-1,0,0
2,3,0,1,0,0,-1,0,0
2,3,0,2,0,0,-1,0,0
2,3,0,3,0,0,-1,0,0
19,1,1,0,1,0,0
2,3,1,0,0,0,-1,0,0
2,3,1,1,0,0,-1,0,0
2,3,1,2,0,0,-1,0,0
2,3,1,3,0,0,-1,0,0
2,3,1,4,0,0,-1,0,0
2,3,1,5,0,0,-1,0,0
2,3,1,6,0,0,-1,0,0
19,1,2,0,1,0,0
2,3,2,0,0,0,-1,0,0
2,3,2,1,0,0,-1,0,0
2,3,2,2,0,0,-1,0,0
2,3,2,3,0,0,-1,0,0
2,3,2,4,0,0,-1,0,0
2,3,2,5,0,0,-1,0,0
2,3,2,6,0,0,-1,0,0
19,1,3,0,1,0,0
2,3,3,0,0,0,-1,0,0
2,3,3,1,0,0,-1,0,0
2,3,3,2,0,0,-1,0,0
2,3,3,3,0,0,-1,0,0
2,3,3,4,0,0,-1,0,0
2,3,3,5,0,0,-1,0,0
2,3,3,6,0,0,-1,0,0
19,1,4,0,1,0,0
2,3,4,1,0,0,-1,0,0
2,3,4,2,0,0,-1,0,0
2,3,4,3,0,0,-1,0,0
2,3,4,4,0,0,-1,0,0
2,3,4,5,0,0,-1,0,0
2,3,4,6,0,0,-1,0,0
19,1,5,0,1,0,0
2,3,5,1,0,0,-1,0,0
2,3,5,2,0,0,-1,0,0
2,3,5,3,0,0,-1,0,0
2,3,5,4,0,0,-1,0,0
2,3,5,5,0,0,-1,0,0
2,3,5,6,0,0,-1,0,0
19,1,6,0,1,0,0
2,3,6,1,0,0,-1,0,0
2,3,6,2,0,0,-1,0,0
2,3,6,3,0,0,-1,0,0
2,3,6,4,0,0,-1,0,0
2,3,6,5,0,0,-1,0,0
2,3,6,6,0,0,-1,0,0
8,1,0,0,1,0,0
8,1,1,0,1,0,0
8,1,2,0,1,0,0
8,1,3,0,1,0,0
8,1,4,0,1,0,0
8,1,5,0,1,0,0
8,1,6,0,1,0,0
14,1,0,0,2,0,0
14,1,1,0,2,0,0
14,1,2,0,2,0,0
14,1,3,0,2,0,0
14,1,4,0,2,0,0
14,1,5,0,2,0,0
14,1,6,0,2,0,0
4,1,0,1,PBPBUF,-1,0,0
3,2,0,0,0,3,0,0
3,2,1,1,0,3,0,0
3,2,2,2,0,3,0,0
3,2,3,3,0,3,0,0
3,2,4,4,0,3,0,0
3,2,5,5,0,3,0,0
3,2,6,6,0,3,0,0
17,0,1,PBP,-1,0,0
18,0,1,PBP,-1,0,0
5,1,0,0,4,0,0
5,1,1,0,4,0,0
5,1,2,0,4,0,0
5,1,3,0,4,0,0
5,1,4,0,4,0,0
5,1,5,0,4,0,0
5,1,6,0,4,0,0
7,1,0,0,2,0,0
7,1,1,0,2,0,0
7,1,2,0,2,0,0
7,1,3,0,2,0,0
7,1,4,0,2,0,0
7,1,5,0,2,0,0
7,1,6,0,2,0,0
8,1,0,0,2,0,0
8,1,1,0,2,0,0
8,1,2,0,2,0,0
8,1,3,0,2,0,0
8,1,4,0,2,0,0
8,1,5,0,2,0,0
8,1,6,0,2,0,0
14,1,0,0,3,0,0
14,1,1,0,3,0,0
14,1,2,0,3,0,0
14,1,3,0,3,0,0
14,1,4,0,3,0,0
14,1,5,0,3,0,0
14,1,6,0,3,0,0
5,1,0,0,5,0,0
5,1,1,0,5,0,0
5,1,2,0,5,0,0
5,1,3,0,5,0,0
5,1,4,0,5,0,0
5,1,5,0,5,0,0
5,1,6,0,5,0,0
7,1,0,0,3,0,0
7,1,1,0,3,0,0
7,1,2,0,3,0,0
7,1,3,0,3,0,0
7,1,4,0,3,0,0
7,1,5,0,3,0,0
7,1,6,0,3,0,0
8,1,0,0,3,0,0
8,1,1,0,3,0,0
8,1,2,0,3,0,0
8,1,3,0,3,0,0
8,1,4,0,3,0,0
8,1,5,0,3,0,0
8,1,6,0,3,0,0
4,1,0,1,XARBUF,-1,0,0
3,2,0,0,0,4,0,0
3,2,1,1,0,4,0,0
3,2,2,2,0,4,0,0
3,2,3,3,0,4,0,0
3,2,4,4,0,4,0,0
3,2,5,5,0,4,0,0
3,2,6,6,0,4,0,0
4,1,0,1,RARBUF,-1,0,0
3,2,0,0,0,5,0,0
3,2,1,1,0,5,0,0
3,2,2,2,0,5,0,0
3,2,3,3,0,5,0,0
3,2,4,4,0,5,0,0
3,2,5,5,0,5,0,0
3,2,6,6,0,5,0,0
15,0,1,RAR,-1,0,0
16,0,1,RAR,-1,0,0
4,1,0,1,XAPBUF,-1,0,0
3,2,0,0,0,6,0,0
3,2,1,1,0,6,0,0
3,2,2,2,0,6,0,0
3,2,3,3,0,6,0,0
3,2,4,4,0,6,0,0
3,2,5,5,0,6,0,0
3,2,6,6,0,6,0,0
4,1,0,1,RAPBUF,-1,0,0
3,2,0,0,0,7,0,0
3,2,1,1,0,7,0,0
3,2,2,2,0,7,0,0
3,2,3,3,0,7,0,0
3,2,4,4,0,7,0,0
3,2,5,5,0,7,0,0
3,2,6,6,0,7,0,0
4,1,0,1,PAPBUF,-1,0,0
3,2,0,0,0,8,0,0
3,2,1,1,0,8,0,0
3,2,2,2,0,8,0,0
3,2,3,3,0,8,0,0
3,2,4,4,0,8,0,0
3,2,5,5,0,8,0,0
3,2,6,6,0,8,0,0
16,0,1,PAP,-1,0,0
21,0,1,CONSTRUCTGA1,-1,0,0
21,0,1,CONSTRUCTGA2,-1,0,0
4,1,0,1,XBPBUF,-1,0,0
3,2,0,0,0,9,0,0
3,2,1,1,0,9,0,0
3,2,2,2,0,9,0,0
3,2,3,3,0,9,0,0
3,2,4,4,0,9,0,0
3,2,5,5,0,9,0,0
3,2,6,6,0,9,0,0
4,1,0,1,RBPBUF,-1,0,0
3,2,0,0,0,10,0,0
3,2,1,1,0,10,0,0
3,2,2,2,0,10,0,0
3,2,3,3,0,10,0,0
3,2,4,4,0,10,0,0
3,2,5,5,0,10,0,0
3,2,6,6,0,10,0,0
21,0,1,CONSTRUCTGB,-1,0,0
21,0,1,EIGEN,-1,0,0
5,1,0,0,6,0,0
5,1,1,0,6,0,0
5,1,2,0,6,0,0
5,1,3,0,6,0,0
5,1,4,0,6,0,0
5,1,5,0,6,0,0
5,1,6,0,6,0,0
5,1,0,0,7,0,0
5,1,1,0,7,0,0
5,1,2,0,7,0,0
5,1,3,0,7,0,0
5,1,4,0,7,0,0
5,1,5,0,7,0,0
5,1,6,0,7,0,0
6,1,0,0,1,0,0
6,1,1,0,1,0,0
6,1,2,0,1,0,0
6,1,3,0,1,0,0
6,1,4,0,1,0,0
6,1,5,0,1,0,0
6,1,6,0,1,0,0
5,1,0,0,8,0,0
5,1,1,0,8,0,0
5,1,2,0,8,0,0
5,1,3,0,8,0,0
5,1,4,0,8,0,0
5,1,5,0,8,0,0
5,1,6,0,8,0,0
5,1,0,0,9,0,0
5,1,1,0,9,0,0
5,1,2,0,9,0,0
5,1,3,0,9,0,0
5,1,4,0,9,0,0
5,1,5,0,9,0,0
5,1,6,0,9,0,0
6,1,0,0,2,0,0
6,1,1,0,2,0,0
6,1,2,0,2,0,0
6,1,3,0,2,0,0
6,1,4,0,2,0,0
6,1,5,0,2,0,0
6,1,6,0,2,0,0
5,1,0,0,10,0,0
5,1,1,0,10,0,0
5,1,2,0,10,0,0
5,1,3,0,10,0,0
5,1,4,0,10,0,0
5,1,5,0,10,0,0
5,1,6,0,10,0,0
6,1,0,0,3,0,0
6,1,1,0,3,0,0
6,1,2,0,3,0,0
6,1,3,0,3,0,0
6,1,4,0,3,0,0
6,1,5,0,3,0,0
6,1,6,0,3,0,0
5,1,0,0,11,0,0
5,1,1,0,11,0,0
5,1,2,0,11,0,0
5,1,3,0,11,0,0
5,1,4,0,11,0,0
5,1,5,0,11,0,0
5,1,6,0,11,0,0
6,1,0,0,4,0,0
6,1,1,0,4,0,0
6,1,2,0,4,0,0
6,1,3,0,4,0,0
6,1,4,0,4,0,0
6,1,5,0,4,0,0
6,1,6,0,4,0,0
