_X,172 0
XTY,172,12,20 0
_X,170 0
XTY,170,10,20 0
_X,165 0
XTY,165,5,20 0
_X,106 0
_X,105 0
_X,103 0
_X,100 0
XTY,100,4,20 0
_X,99 0
XTY,99,3,20 0
_X,96 0
XTY,96,0,20 0
_X,74 0
_X,15 0
_X,164 0
XTY,164,4,20 0
_X,122 0
_X,116 0
_X,115 0
_X,98 0
_X,97 0
XTY,97,1,20 0
_X,92 0
XTY,92,12,20 0
_X,73 0
_X,51 0
XTY,51,3,20 0
_X,30 0
_X,29 0
_X,28 0
XTY,28,12,20 0
_X,18 0
_X,173 0
XTY,173,13,20 0
_X,171 0
XTY,171,11,20 0
_X,117 0
_X,93 0
XTY,93,13,20 0
_X,71 0
_X,41 0
_X,40 0
_X,38 0
_X,37 0
_X,36 0
_X,31 0
XTY,31,15,20 0
_X,17 0
XTY,17,1,20 0
_X,121 0
_X,120 0
_X,119 0
_X,118 0
_X,79 0
XTY,79,15,20 0
_X,78 0
XTY,78,14,20 0
_X,72 0
_X,52 0
XTY,52,4,20 0
_X,46 0
XTY,46,14,20 0
_X,44 0
XTY,44,12,20 0
_X,39 0
_X,19 0
XTY,19,3,20 0
_X,175 0
XTY,175,15,20 0
_X,94 0
XTY,94,14,20 0
_X,77 0
XTY,77,13,20 0
_X,56 0
_X,42 0
_X,35 0
XTY,35,3,20 0
_X,33 0
XTY,33,1,20 0
_X,23 0
XTY,23,7,20 0
_X,7 0
XTY,7,7,20 0
_X,4 0
XTY,4,4,20 0
_X,174 0
XTY,174,14,20 0
_X,168 0
XTY,168,8,20 0
_X,166 0
XTY,166,6,20 0
_X,147 0
XTY,147,3,20 0
_X,61 0
_X,55 0
_X,43 0
_X,21 0
_X,20 0
_X,14 0
_X,11 0
_X,8 0
XTY,8,8,20 0
_X,169 0
XTY,169,9,20 0
_X,145 0
XTY,145,1,20 0
_X,75 0
XTY,75,11,20 0
_X,62 0
_X,60 0
_X,57 0
_X,53 0
_X,45 0
_X,34 0
XTY,34,2,20 0
_X,32 0
XTY,32,0,20 0
_X,10 0
_X,5 0
_X,167 0
XTY,167,7,20 0
_X,146 0
XTY,146,2,20 0
_X,144 0
XTY,144,0,20 0
_X,95 0
XTY,95,15,20 0
_X,76 0
XTY,76,12,20 0
_X,59 0
_X,58 0
_X,54 0
XTY,54,6,20 0
_X,27 0
XTY,27,11,20 0
_X,6 0
XTY,6,6,20 0
_X,155 0
XTY,155,11,20 0
_X,154 0
XTY,154,10,20 0
_X,153 0
XTY,153,9,20 0
_X,152 0
XTY,152,8,20 0
_X,109 0
_X,107 0
_X,86 0
XTY,86,6,20 0
_X,82 0
XTY,82,2,20 0
_X,70 0
_X,24 0
_X,22 0
_X,159 0
XTY,159,15,20 0
_X,156 0
XTY,156,12,20 0
_X,151 0
XTY,151,7,20 0
_X,111 0
_X,110 0
_X,108 0
_X,88 0
XTY,88,8,20 0
_X,69 0
_X,49 0
XTY,49,1,20 0
_X,16 0
XTY,16,0,20 0
_X,13 0
XTY,13,13,20 0
XTY,108,12,20 0
XTY,111,15,20 0
XTY,5,5,20 0
XTY,60,12,20 0
XTY,120,8,20 0
XTY,121,9,20 0
XTY,41,9,20 0
XTY,74,10,20 0
_X,134 0
_X,130 0
_X,129 0
_X,128 0
_X,68 0
_X,67 0
_X,65 0
_X,50 0
XTY,50,2,20 0
_X,150 0
XTY,150,6,20 0
_X,133 0
_X,112 0
_X,83 0
XTY,83,3,20 0
_X,66 0
_X,64 0
_X,63 0
_X,158 0
XTY,158,14,20 0
_X,157 0
XTY,157,13,20 0
_X,132 0
_X,131 0
_X,127 0
_X,114 0
_X,113 0
_X,89 0
XTY,89,9,20 0
_X,87 0
XTY,87,7,20 0
_X,1 0
XTY,1,1,20 0
_X,0 0
XTY,0,0,20 0
XTY,114,2,20 0
XTY,66,2,20 0
XTY,112,0,20 0
XTY,67,3,20 0
XTY,43,11,20 0
XTY,115,3,20 0
XTY,122,10,20 0
XTY,15,15,20 0
SETZERO,134,1 0
SETZERO,113,1 0
SETZERO,43,1 0
_X,180 0
_X,163 0
XTY,163,3,20 0
_X,149 0
XTY,149,5,20 0
_X,136 0
_X,85 0
XTY,85,5,20 0
_X,48 0
XTY,48,0,20 0
_X,26 0
_X,25 0
_X,9 0
XTY,9,9,20 0
_X,3 0
XTY,3,3,20 0
XTY,180,4,20 0
XTY,113,1,20 0
XTY,10,10,20 0
XTY,45,13,20 0
XTY,14,14,20 0
XTY,39,7,20 0
XTY,38,6,20 0
XTY,117,5,20 0
XTY,106,10,20 0
XTY,26,10,20 0
XTY,110,14,20 0
XTY,70,6,20 0
XTY,59,11,20 0
XTY,53,5,20 0
XTY,61,13,20 0
XTY,42,10,20 0
XTY,72,8,20 0
XTY,71,7,20 0
XTY,25,9,20 0
XTY,64,0,20 0
XTY,65,1,20 0
XTY,69,5,20 0
XTY,24,8,20 0
XTY,21,5,20 0
XTY,55,7,20 0
XTY,73,9,20 0
XTY,103,7,20 0
SETZERO,118,1 0
_X,181 0
_X,179 0
_X,178 0
XTY,178,2,20 0
_X,177 0
XTY,177,1,20 0
_X,161 0
XTY,161,1,20 0
_X,142 0
_X,135 0
_X,102 0
XTY,102,6,20 0
_X,84 0
XTY,84,4,20 0
_X,2 0
XTY,2,2,20 0
_X,176 0
XTY,176,0,20 0
_X,162 0
XTY,162,2,20 0
_X,160 0
XTY,160,0,20 0
_X,141 0
_X,140 0
XTY,140,12,20 0
_X,126 0
_X,124 0
_X,123 0
_X,90 0
XTY,90,10,20 0
_X,81 0
XTY,81,1,20 0
_X,12 0
XTY,12,12,20 0
XTY,123,11,20 0
XTY,107,11,20 0
XTY,62,14,20 0
XTY,118,6,20 0
XTY,36,4,20 0
XTY,37,5,20 0
XTY,40,8,20 0
XTY,18,2,20 0
_X,148 0
XTY,148,4,20 0
_X,143 0
_X,139 0
_X,138 0
_X,137 0
_X,125 0
_X,104 0
XTY,104,8,20 0
_X,101 0
XTY,101,5,20 0
_X,91 0
XTY,91,11,20 0
_X,80 0
XTY,80,0,20 0
_X,47 0
XTY,47,15,20 0
XTY,139,11,20 0
XTY,126,14,20 0
XTY,142,14,20 0
XTY,181,5,20 0
XTY,136,8,20 0
XTY,128,0,20 0
XTY,129,1,20 0
XTY,130,2,20 0
XTY,20,4,20 0
XTY,137,9,20 0
XTY,131,3,20 0
XTY,68,4,20 0
XTY,22,6,20 0
XTY,109,13,20 0
XTY,58,10,20 0
XTY,29,13,20 0
XTY,98,2,20 0
XTY,105,9,20 0
XTY,125,13,20 0
XTY,124,12,20 0
XTY,63,15,20 0
XTY,57,9,20 0
XTY,11,11,20 0
XTY,56,8,20 0
XTY,119,7,20 0
XTY,30,14,20 0
XTY,116,4,20 0
XTY,138,10,20 0
XTY,143,15,20 0
XTY,141,13,20 0
XTY,135,7,20 0
XTY,179,3,20 0
XTY,127,15,20 0
XTY,132,4,20 0
XTY,133,5,20 0
XTY,134,6,20 0
RED,XBXBUF,0 0
CHOL,XBX 0
DLACPY,0,20 0
INV,XBX 0
XY,0,20 0
XY,25,20 0
XY,85,20 0
XY,86,20 0
XY,90,20 0
XY,92,20 0
XY,132,20 0
XY,2,20 0
DLACPY,2,21 0
SETZERO,11,1 0
SPMM,11,2,0 0
SETZERO,3,1 0
SPMM,3,2,0 0
SETZERO,2,1 0
SPMM,2,2,0 0
XY,34,20 0
XY,50,20 0
XY,69,20 0
XY,78,20 0
XY,79,20 0
XY,83,20 0
XY,100,20 0
XY,102,20 0
DLACPY,50,21 0
DLACPY,92,21 0
XY,77,20 0
DLACPY,77,21 0
SETZERO,49,1 0
SPMM,49,50,0 0
SPMM,49,77,0 0
SPMM,49,92,0 0
XY,31,20 0
XY,44,20 0
XY,54,20 0
XY,59,20 0
XY,60,20 0
XY,66,20 0
XY,67,20 0
XY,101,20 0
XY,107,20 0
XY,33,20 0
XY,40,20 0
XY,48,20 0
XY,68,20 0
XY,81,20 0
XY,108,20 0
XY,111,20 0
DLACPY,111,21 0
SPMM,134,111,0 0
SPMM,113,111,0 0
XY,16,20 0
XY,119,20 0
DLACPY,119,21 0
SPMM,113,119,0 0
SPMM,118,119,0 0
SPMM,134,119,0 0
XY,173,20 0
XY,175,20 0
DLACPY,173,21 0
XY,178,20 0
DLACPY,178,21 0
XY,179,20 0
DLACPY,179,21 0
SETZERO,181,1 0
SPMM,181,178,0 0
SPMM,181,179,0 0
SETZERO,179,1 0
SPMM,179,178,0 0
SPMM,179,179,0 0
SETZERO,170,1 0
SPMM,170,173,0 0
SPMM,170,178,0 0
SETZERO,169,1 0
SPMM,169,173,0 0
SPMM,169,178,0 0
XY,181,20 0
DLACPY,181,21 0
SPMM,179,181,0 0
SPMM,181,181,0 0
SETZERO,180,1 0
SPMM,180,173,0 0
SPMM,180,178,0 0
SPMM,180,179,0 0
SPMM,180,181,0 0
SETZERO,174,1 0
SPMM,174,173,0 0
SPMM,174,178,0 0
SETZERO,168,1 0
SPMM,168,173,0 0
SPMM,168,178,0 0
SETZERO,167,1 0
SPMM,167,173,0 0
DLACPY,175,21 0
SPMM,167,175,0 0
SPMM,168,175,0 0
SPMM,174,175,0 0
SPMM,180,175,0 0
SETZERO,166,1 0
SPMM,166,173,0 0
SPMM,166,175,0 0
XY,1,20 0
XY,112,20 0
DLACPY,112,21 0
SPMM,113,112,0 0
SPMM,134,112,0 0
XY,113,20 0
DLACPY,113,21 0
SPMM,113,113,0 0
SPMM,134,113,0 0
XY,135,20 0
DLACPY,135,21 0
SPMM,113,135,0 0
SPMM,134,135,0 0
SETZERO,135,1 0
SPMM,135,111,0 0
SPMM,135,112,0 0
SPMM,135,113,0 0
SPMM,135,135,0 0
XY,114,20 0
DLACPY,114,21 0
SPMM,113,114,0 0
SPMM,134,114,0 0
SPMM,135,114,0 0
XY,3,20 0
XY,133,20 0
DLACPY,133,21 0
SPMM,113,133,0 0
SPMM,134,133,0 0
SPMM,135,133,0 0
XY,136,20 0
DLACPY,136,21 0
SPMM,134,136,0 0
SPMM,135,136,0 0
XY,138,20 0
DLACPY,138,21 0
SPMM,135,138,0 0
SETZERO,136,1 0
SPMM,136,133,0 0
SPMM,136,136,0 0
SPMM,136,138,0 0
XY,115,20 0
XY,116,20 0
DLACPY,116,21 0
SPMM,118,116,0 0
SPMM,135,116,0 0
SPMM,136,116,0 0
XY,134,20 0
DLACPY,134,21 0
SPMM,113,134,0 0
SPMM,134,134,0 0
SPMM,135,134,0 0
SPMM,136,134,0 0
XY,154,20 0
DLACPY,154,21 0
SPMM,134,154,0 0
SPMM,135,154,0 0
SPMM,136,154,0 0
XY,137,20 0
DLACPY,137,21 0
SPMM,134,137,0 0
SPMM,135,137,0 0
SPMM,136,137,0 0
XY,139,20 0
DLACPY,139,21 0
SPMM,135,139,0 0
SPMM,136,139,0 0
XY,146,20 0
DLACPY,146,21 0
SPMM,134,146,0 0
SPMM,135,146,0 0
SPMM,136,146,0 0
XY,155,20 0
DLACPY,155,21 0
SPMM,135,155,0 0
SPMM,136,155,0 0
XY,4,20 0
XY,88,20 0
DLACPY,88,21 0
SPMM,43,88,0 0
SPMM,118,88,0 0
XY,124,20 0
DLACPY,124,21 0
SPMM,134,124,0 0
XY,41,20 0
DLACPY,41,21 0
XY,42,20 0
DLACPY,42,21 0
SPMM,43,42,0 0
SETZERO,42,1 0
SPMM,42,41,0 0
SPMM,42,42,0 0
SPMM,42,88,0 0
SETZERO,41,1 0
SPMM,41,41,0 0
SPMM,41,42,0 0
SETZERO,40,1 0
SPMM,40,41,0 0
SPMM,40,42,0 0
SPMM,40,88,0 0
SETZERO,39,1 0
SPMM,39,41,0 0
SPMM,39,42,0 0
DLACPY,40,21 0
SPMM,39,40,0 0
SPMM,40,40,0 0
SPMM,41,40,0 0
SETZERO,88,1 0
SPMM,88,40,0 0
SETZERO,87,1 0
SPMM,87,40,0 0
SETZERO,85,1 0
SPMM,85,40,0 0
SPMM,39,88,0 0
SPMM,41,88,0 0
XY,89,20 0
DLACPY,89,21 0
SPMM,41,89,0 0
SPMM,42,89,0 0
SPMM,43,89,0 0
SPMM,118,89,0 0
XY,118,20 0
DLACPY,118,21 0
SPMM,118,118,0 0
XY,121,20 0
DLACPY,121,21 0
SPMM,134,121,0 0
XY,125,20 0
DLACPY,125,21 0
SPMM,134,125,0 0
XY,9,20 0
XY,17,20 0
XY,18,20 0
XY,23,20 0
XY,24,20 0
XY,32,20 0
XY,36,20 0
XY,87,20 0
XY,127,20 0
DLACPY,24,21 0
DLACPY,25,21 0
XY,73,20 0
DLACPY,73,21 0
XY,75,20 0
DLACPY,75,21 0
SETZERO,74,1 0
SPMM,74,73,0 0
SPMM,74,75,0 0
SETZERO,25,1 0
SPMM,25,24,0 0
SPMM,25,25,0 0
SPMM,25,73,0 0
SPMM,25,75,0 0
SETZERO,24,1 0
SPMM,24,24,0 0
SPMM,24,25,0 0
SPMM,24,73,0 0
SPMM,24,75,0 0
XY,99,20 0
XY,104,20 0
XY,106,20 0
XY,126,20 0
XY,128,20 0
XY,129,20 0
XY,131,20 0
DLACPY,131,21 0
XY,76,20 0
DLACPY,76,21 0
SPMM,25,76,0 0
SETZERO,130,1 0
SPMM,130,131,0 0
SETZERO,109,1 0
SPMM,109,76,0 0
SPMM,109,131,0 0
DLACPY,108,21 0
SPMM,74,108,0 0
SPMM,109,108,0 0
SETZERO,106,1 0
SPMM,106,73,0 0
SPMM,106,75,0 0
SPMM,106,108,0 0
SPMM,106,131,0 0
XY,74,20 0
DLACPY,74,21 0
SPMM,74,74,0 0
SPMM,106,74,0 0
XY,130,20 0
DLACPY,130,21 0
SPMM,130,130,0 0
XY,152,20 0
DLACPY,152,21 0
SPMM,130,152,0 0
DLACPY,106,21 0
SPMM,74,106,0 0
SPMM,106,106,0 0
DLACPY,107,21 0
SPMM,106,107,0 0
SETZERO,107,1 0
SPMM,107,106,0 0
SPMM,107,107,0 0
SPMM,107,108,0 0
SPMM,107,131,0 0
SPMM,106,76,0 0
DLACPY,104,21 0
SPMM,74,104,0 0
SPMM,106,104,0 0
DLACPY,127,21 0
SPMM,107,127,0 0
SETZERO,103,1 0
SPMM,103,104,0 0
SPMM,103,127,0 0
DLACPY,18,21 0
XY,70,20 0
DLACPY,70,21 0
SPMM,103,70,0 0
SETZERO,18,1 0
SPMM,18,18,0 0
SPMM,18,70,0 0
SETZERO,17,1 0
SPMM,17,18,0 0
SPMM,24,74,0 0
XY,19,20 0
DLACPY,19,21 0
SPMM,17,19,0 0
SPMM,18,19,0 0
SETZERO,29,1 0
SETZERO,6,1 0
SPMM,6,19,0 0
DLACPY,17,21 0
SPMM,6,17,0 0
SPMM,17,17,0 0
SPMM,18,17,0 0
DLACPY,16,21 0
SPMM,17,16,0 0
SPMM,29,16,0 0
SETZERO,16,1 0
SPMM,16,16,0 0
SPMM,16,17,0 0
SPMM,16,18,0 0
SETZERO,15,1 0
SPMM,15,16,0 0
SPMM,15,17,0 0
SETZERO,14,1 0
SPMM,14,16,0 0
SPMM,14,17,0 0
SPMM,14,18,0 0
SPMM,106,127,0 0
XY,6,20 0
DLACPY,6,21 0
SPMM,6,6,0 0
SPMM,14,6,0 0
SPMM,15,6,0 0
SPMM,17,6,0 0
SETZERO,5,1 0
SPMM,5,6,0 0
DLACPY,126,21 0
SPMM,103,126,0 0
XY,110,20 0
DLACPY,110,21 0
SPMM,113,110,0 0
XY,143,20 0
DLACPY,143,21 0
SPMM,118,143,0 0
SPMM,74,76,0 0
DLACPY,129,21 0
SPMM,106,129,0 0
SPMM,107,129,0 0
SPMM,130,129,0 0
DLACPY,128,21 0
SPMM,130,128,0 0
XY,13,20 0
XY,15,20 0
XY,140,20 0
DLACPY,140,21 0
SPMM,118,140,0 0
XY,144,20 0
DLACPY,144,21 0
SPMM,118,144,0 0
DLACPY,15,21 0
SPMM,5,15,0 0
SPMM,14,15,0 0
SPMM,15,15,0 0
SPMM,16,15,0 0
SPMM,17,15,0 0
SPMM,18,15,0 0
SETZERO,13,1 0
SPMM,13,15,0 0
XY,7,20 0
XY,8,20 0
XY,71,20 0
XY,120,20 0
DLACPY,120,21 0
SPMM,113,120,0 0
SPMM,134,120,0 0
XY,150,20 0
XY,171,20 0
XY,145,20 0
DLACPY,145,21 0
SPMM,134,145,0 0
XTY,134,6,21 0
SPMM,135,145,0 0
DLACPY,115,21 0
SPMM,135,115,0 0
XTY,135,7,21 0
SPMM,136,115,0 0
SPMM,136,145,0 0
SPMM,136,114,0 0
SPMM,136,135,0 0
XTY,136,8,21 0
XY,103,20 0
DLACPY,103,21 0
SPMM,103,103,0 0
XY,123,20 0
DLACPY,123,21 0
SETZERO,123,1 0
SPMM,123,121,0 0
SPMM,123,123,0 0
SPMM,123,124,0 0
SPMM,123,125,0 0
SPMM,123,126,0 0
SPMM,123,127,0 0
SPMM,123,145,0 0
SETZERO,120,1 0
SPMM,120,113,0 0
SPMM,120,119,0 0
SPMM,120,120,0 0
SPMM,120,133,0 0
SPMM,120,145,0 0
XY,122,20 0
DLACPY,122,21 0
SPMM,103,122,0 0
SPMM,123,122,0 0
SPMM,120,124,0 0
XY,147,20 0
DLACPY,147,21 0
SPMM,123,147,0 0
XY,148,20 0
DLACPY,148,21 0
SPMM,130,148,0 0
SETZERO,145,1 0
SPMM,145,123,0 0
SPMM,145,134,0 0
SPMM,145,135,0 0
SPMM,145,136,0 0
SPMM,145,145,0 0
SPMM,145,146,0 0
SPMM,145,147,0 0
SPMM,145,148,0 0
SPMM,145,154,0 0
SETZERO,137,1 0
SPMM,137,133,0 0
SPMM,137,136,0 0
SPMM,137,137,0 0
SPMM,137,138,0 0
SPMM,137,145,0 0
SPMM,137,146,0 0
SPMM,137,154,0 0
SPMM,137,155,0 0
DLACPY,71,21 0
XY,72,20 0
DLACPY,72,21 0
SPMM,74,72,0 0
SPMM,103,72,0 0
SETZERO,21,1 0
SPMM,21,71,0 0
SPMM,21,72,0 0
SPMM,21,73,0 0
SPMM,74,24,0 0
XY,22,20 0
DLACPY,22,21 0
SPMM,21,22,0 0
SPMM,24,22,0 0
SPMM,25,22,0 0
SETZERO,9,1 0
SPMM,9,22,0 0
SPMM,9,24,0 0
DLACPY,23,21 0
SPMM,9,23,0 0
SPMM,21,23,0 0
SPMM,24,23,0 0
SPMM,25,23,0 0
SPMM,74,23,0 0
SETZERO,10,1 0
SPMM,10,23,0 0
SPMM,10,25,0 0
DLACPY,9,21 0
SPMM,9,9,0 0
SPMM,10,9,0 0
SPMM,21,9,0 0
SPMM,24,9,0 0
DLACPY,60,21 0
SPMM,15,60,0 0
SPMM,18,60,0 0
SPMM,16,60,0 0
XY,62,20 0
DLACPY,62,21 0
SPMM,16,62,0 0
XY,65,20 0
SPMM,10,22,0 0
DLACPY,90,21 0
SPMM,118,90,0 0
XY,43,20 0
DLACPY,43,21 0
SPMM,42,43,0 0
SPMM,43,43,0 0
XY,21,20 0
DLACPY,21,21 0
SPMM,9,21,0 0
SPMM,21,21,0 0
SETZERO,8,1 0
SPMM,8,21,0 0
SPMM,8,22,0 0
SPMM,8,24,0 0
DLACPY,8,21 0
SPMM,8,8,0 0
SPMM,10,8,0 0
SPMM,21,8,0 0
SPMM,24,8,0 0
DLACPY,7,21 0
SPMM,6,7,0 0
SPMM,8,7,0 0
SPMM,17,7,0 0
SPMM,18,7,0 0
XY,10,20 0
DLACPY,10,21 0
SPMM,8,10,0 0
SPMM,9,10,0 0
SPMM,10,10,0 0
SPMM,24,10,0 0
SPMM,25,10,0 0
SETZERO,12,1 0
SPMM,12,10,0 0
DLACPY,13,21 0
SPMM,2,13,0 0
SPMM,3,13,0 0
SPMM,11,13,0 0
SPMM,12,13,0 0
SPMM,13,13,0 0
SPMM,14,13,0 0
SPMM,15,13,0 0
SPMM,29,13,0 0
DLACPY,3,21 0
SPMM,2,3,0 0
SPMM,3,3,0 0
SPMM,11,3,0 0
SPMM,14,3,0 0
SETZERO,4,1 0
SPMM,4,2,0 0
SPMM,4,3,0 0
SPMM,4,13,0 0
SPMM,4,15,0 0
DLACPY,4,21 0
SPMM,2,4,0 0
SPMM,3,4,0 0
SPMM,4,4,0 0
SPMM,5,4,0 0
XY,5,20 0
DLACPY,5,21 0
SPMM,4,5,0 0
SPMM,5,5,0 0
SPMM,6,5,0 0
SPMM,14,5,0 0
SPMM,15,5,0 0
SPMM,16,5,0 0
SPMM,17,5,0 0
SPMM,13,5,0 0
SPMM,13,4,0 0
SPMM,13,10,0 0
SPMM,13,2,0 0
XY,11,20 0
DLACPY,11,21 0
SPMM,4,11,0 0
SPMM,11,11,0 0
SPMM,13,11,0 0
XY,14,20 0
DLACPY,14,21 0
SPMM,4,14,0 0
SPMM,5,14,0 0
SPMM,13,14,0 0
SPMM,14,14,0 0
SPMM,15,14,0 0
SPMM,16,14,0 0
SPMM,18,14,0 0
SPMM,29,14,0 0
SPMM,3,14,0 0
SPMM,11,14,0 0
SPMM,12,14,0 0
XY,61,20 0
DLACPY,61,21 0
SPMM,15,61,0 0
SPMM,16,61,0 0
SPMM,17,61,0 0
SPMM,18,61,0 0
SPMM,4,10,0 0
SPMM,2,10,0 0
SPMM,3,10,0 0
SPMM,11,10,0 0
DLACPY,1,21 0
SPMM,2,1,0 0
SPMM,3,1,0 0
SPMM,4,1,0 0
SPMM,11,1,0 0
SPMM,12,1,0 0
SPMM,13,1,0 0
SETZERO,1,1 0
SPMM,1,1,0 0
SPMM,1,2,0 0
SPMM,1,3,0 0
SPMM,1,10,0 0
DLACPY,0,21 0
SPMM,1,0,0 0
SPMM,3,0,0 0
SPMM,4,0,0 0
SETZERO,0,1 0
SPMM,0,0,0 0
SPMM,0,1,0 0
SPMM,0,3,0 0
SPMM,0,4,0 0
SPMM,1,4,0 0
SPMM,11,4,0 0
SPMM,14,4,0 0
SPMM,16,4,0 0
SPMM,8,23,0 0
SPMM,74,71,0 0
XY,20,20 0
DLACPY,20,21 0
SPMM,8,20,0 0
SPMM,9,20,0 0
SPMM,18,20,0 0
SPMM,21,20,0 0
SETZERO,7,1 0
SPMM,7,6,0 0
SPMM,7,7,0 0
SPMM,7,8,0 0
SPMM,7,17,0 0
SPMM,7,18,0 0
SPMM,7,19,0 0
SPMM,7,20,0 0
SPMM,7,21,0 0
SETZERO,20,1 0
SPMM,20,7,0 0
SPMM,20,9,0 0
SPMM,20,17,0 0
SPMM,20,18,0 0
SPMM,20,19,0 0
SPMM,20,20,0 0
SPMM,20,21,0 0
SPMM,20,22,0 0
SPMM,20,23,0 0
SPMM,20,60,0 0
SPMM,20,61,0 0
SPMM,20,62,0 0
SPMM,20,70,0 0
SPMM,20,71,0 0
SPMM,20,72,0 0
SPMM,20,73,0 0
SPMM,20,8,0 0
XTY,20,4,21 0
SETZERO,23,1 0
SPMM,23,8,0 0
SPMM,23,9,0 0
SPMM,23,10,0 0
SPMM,23,20,0 0
SPMM,23,21,0 0
SPMM,23,75,0 0
SPMM,23,22,0 0
SPMM,23,23,0 0
SPMM,23,24,0 0
SPMM,23,25,0 0
SPMM,23,71,0 0
SPMM,23,72,0 0
SPMM,23,73,0 0
SPMM,23,74,0 0
XTY,23,7,21 0
SETZERO,22,1 0
SPMM,22,8,0 0
SPMM,22,9,0 0
SPMM,22,10,0 0
SPMM,22,20,0 0
SPMM,22,21,0 0
SPMM,22,22,0 0
SPMM,22,75,0 0
SPMM,22,24,0 0
SPMM,22,71,0 0
SPMM,22,74,0 0
SPMM,2,0,0 0
SPMM,22,23,0 0
SPMM,22,25,0 0
SPMM,22,72,0 0
SPMM,22,73,0 0
XTY,22,6,21 0
SETZERO,73,1 0
SPMM,73,20,0 0
SPMM,73,21,0 0
SPMM,73,22,0 0
SPMM,73,23,0 0
SPMM,73,24,0 0
SPMM,73,25,0 0
SPMM,73,71,0 0
SPMM,73,108,0 0
XY,35,20 0
XY,37,20 0
XY,38,20 0
XY,39,20 0
XY,82,20 0
XY,84,20 0
XY,105,20 0
XY,153,20 0
XY,172,20 0
DLACPY,172,21 0
SPMM,179,172,0 0
XY,164,20 0
DLACPY,164,21 0
SETZERO,172,1 0
SPMM,172,164,0 0
SPMM,172,172,0 0
SPMM,172,173,0 0
SPMM,172,178,0 0
SPMM,172,179,0 0
SETZERO,171,1 0
SPMM,171,164,0 0
SPMM,171,172,0 0
SPMM,171,173,0 0
SPMM,171,178,0 0
SPMM,171,179,0 0
SETZERO,164,1 0
SPMM,164,164,0 0
SPMM,164,172,0 0
XY,174,20 0
DLACPY,174,21 0
SPMM,166,174,0 0
SPMM,167,174,0 0
SPMM,168,174,0 0
SPMM,169,174,0 0
SPMM,170,174,0 0
SPMM,171,174,0 0
SPMM,174,174,0 0
SPMM,180,174,0 0
DLACPY,105,21 0
SPMM,74,105,0 0
SPMM,103,105,0 0
SPMM,106,105,0 0
SPMM,107,105,0 0
SPMM,109,77,0 0
DLACPY,48,21 0
SPMM,49,48,0 0
SETZERO,72,1 0
SPMM,72,19,0 0
SPMM,72,20,0 0
SPMM,72,21,0 0
SPMM,72,22,0 0
SPMM,72,23,0 0
SPMM,72,70,0 0
SPMM,72,105,0 0
SPMM,73,105,0 0
SPMM,73,73,0 0
SPMM,73,76,0 0
SPMM,73,104,0 0
SPMM,73,72,0 0
SPMM,73,74,0 0
SPMM,73,75,0 0
SPMM,73,106,0 0
XTY,73,9,21 0
SETZERO,108,1 0
SPMM,108,73,0 0
SPMM,108,74,0 0
SPMM,108,75,0 0
SPMM,108,76,0 0
SPMM,108,77,0 0
SPMM,108,105,0 0
SPMM,108,106,0 0
SPMM,108,128,0 0
SPMM,108,131,0 0
SETZERO,129,1 0
SPMM,129,104,0 0
SPMM,129,105,0 0
SPMM,129,106,0 0
SPMM,129,107,0 0
SPMM,129,108,0 0
SPMM,129,127,0 0
SPMM,129,152,0 0
SPMM,129,128,0 0
SPMM,129,129,0 0
SPMM,129,131,0 0
SPMM,129,148,0 0
DLACPY,84,21 0
DLACPY,79,21 0
SPMM,29,79,0 0
DLACPY,78,21 0
DLACPY,34,21 0
SETZERO,36,1 0
SPMM,36,34,0 0
SPMM,36,84,0 0
SETZERO,34,1 0
SPMM,34,34,0 0
SPMM,34,78,0 0
SPMM,34,79,0 0
SPMM,34,84,0 0
SETZERO,33,1 0
SPMM,33,34,0 0
SPMM,33,78,0 0
SPMM,33,79,0 0
SPMM,33,84,0 0
SETZERO,114,1 0
SPMM,114,84,0 0
SPMM,114,111,0 0
SPMM,114,112,0 0
SPMM,114,113,0 0
SPMM,114,115,0 0
SPMM,114,116,0 0
SPMM,114,133,0 0
SPMM,114,134,0 0
SPMM,114,138,0 0
DLACPY,32,21 0
SPMM,29,32,0 0
SPMM,33,32,0 0
SPMM,34,32,0 0
XY,28,20 0
DLACPY,28,21 0
SETZERO,32,1 0
SPMM,32,28,0 0
SPMM,32,32,0 0
SPMM,32,34,0 0
SPMM,32,78,0 0
SPMM,32,79,0 0
SPMM,32,84,0 0
SETZERO,28,1 0
SPMM,28,28,0 0
SPMM,28,32,0 0
SPMM,28,78,0 0
SPMM,28,79,0 0
XY,26,20 0
DLACPY,26,21 0
SPMM,11,26,0 0
SPMM,12,26,0 0
SPMM,25,26,0 0
SPMM,32,26,0 0
SETZERO,26,1 0
SPMM,26,26,0 0
XY,12,20 0
DLACPY,12,21 0
SPMM,1,12,0 0
SPMM,2,12,0 0
SPMM,10,12,0 0
SPMM,11,12,0 0
SPMM,12,12,0 0
SPMM,13,12,0 0
SPMM,26,12,0 0
SPMM,4,12,0 0
SETZERO,19,1 0
SPMM,19,6,0 0
SPMM,19,7,0 0
SPMM,19,8,0 0
SPMM,19,17,0 0
SPMM,19,18,0 0
SPMM,19,72,0 0
SPMM,19,19,0 0
SPMM,19,20,0 0
SPMM,19,21,0 0
SPMM,19,60,0 0
SPMM,19,61,0 0
SPMM,19,62,0 0
SPMM,19,70,0 0
SPMM,19,71,0 0
XTY,19,3,21 0
SPMM,29,12,0 0
XY,30,20 0
DLACPY,30,21 0
SPMM,16,30,0 0
SPMM,29,30,0 0
XY,27,20 0
DLACPY,27,21 0
SPMM,11,27,0 0
SPMM,12,27,0 0
SPMM,13,27,0 0
SPMM,26,27,0 0
SPMM,28,27,0 0
SPMM,29,27,0 0
SPMM,32,27,0 0
SPMM,10,27,0 0
SPMM,10,26,0 0
SPMM,10,1,0 0
SPMM,10,4,0 0
SPMM,10,3,0 0
SPMM,10,13,0 0
SPMM,10,2,0 0
SPMM,10,24,0 0
XY,29,20 0
DLACPY,29,21 0
SPMM,11,29,0 0
SPMM,12,29,0 0
SPMM,13,29,0 0
SPMM,14,29,0 0
SPMM,26,29,0 0
SPMM,28,29,0 0
SPMM,29,29,0 0
SPMM,32,29,0 0
SPMM,14,27,0 0
SPMM,14,30,0 0
SPMM,14,12,0 0
SPMM,14,61,0 0
SPMM,14,11,0 0
SPMM,14,60,0 0
XTY,14,14,21 0
SPMM,13,30,0 0
SPMM,13,26,0 0
SPMM,13,3,0 0
SPMM,13,16,0 0
XTY,13,13,21 0
SPMM,10,29,0 0
SPMM,2,11,0 0
SPMM,10,11,0 0
XTY,10,10,21 0
SPMM,12,11,0 0
SPMM,16,29,0 0
SPMM,16,13,0 0
DLACPY,65,21 0
SPMM,16,65,0 0
XTY,16,0,21 0
SPMM,15,65,0 0
SPMM,15,29,0 0
SPMM,15,30,0 0
SPMM,15,4,0 0
SPMM,15,62,0 0
SPMM,15,18,0 0
XTY,15,15,21 0
SPMM,17,65,0 0
SPMM,17,30,0 0
SPMM,17,20,0 0
SPMM,17,14,0 0
SPMM,17,62,0 0
SPMM,17,60,0 0
SPMM,17,70,0 0
XTY,17,1,21 0
SPMM,26,10,0 0
SPMM,26,75,0 0
SPMM,1,11,0 0
SPMM,3,11,0 0
DLACPY,31,21 0
SPMM,26,31,0 0
SPMM,29,31,0 0
SPMM,34,31,0 0
SPMM,26,11,0 0
SPMM,26,13,0 0
SPMM,26,28,0 0
SPMM,26,78,0 0
SPMM,26,24,0 0
SPMM,26,25,0 0
SPMM,26,32,0 0
SPMM,26,76,0 0
XTY,26,10,21 0
SPMM,29,28,0 0
SPMM,29,78,0 0
DLACPY,33,21 0
SPMM,32,33,0 0
SPMM,33,33,0 0
SPMM,34,33,0 0
DLACPY,100,21 0
SPMM,103,100,0 0
DLACPY,68,21 0
DLACPY,101,21 0
SPMM,103,101,0 0
DLACPY,67,21 0
DLACPY,102,21 0
SPMM,103,102,0 0
SETZERO,68,1 0
SPMM,68,65,0 0
SPMM,68,67,0 0
SPMM,68,68,0 0
SPMM,68,70,0 0
SPMM,68,100,0 0
SPMM,68,101,0 0
SPMM,68,102,0 0
SETZERO,67,1 0
SPMM,67,67,0 0
SPMM,67,68,0 0
SPMM,67,101,0 0
SPMM,67,102,0 0
DLACPY,82,21 0
SPMM,67,82,0 0
SPMM,113,82,0 0
DLACPY,69,21 0
SPMM,67,69,0 0
SPMM,68,69,0 0
SETZERO,112,1 0
SPMM,112,82,0 0
SETZERO,102,1 0
SPMM,102,69,0 0
SPMM,102,82,0 0
SETZERO,82,1 0
SPMM,82,69,0 0
SPMM,82,78,0 0
SPMM,82,79,0 0
SPMM,82,82,0 0
SETZERO,69,1 0
SPMM,69,69,0 0
SPMM,69,82,0 0
DLACPY,83,21 0
SPMM,69,83,0 0
SPMM,82,83,0 0
SPMM,102,83,0 0
SPMM,112,83,0 0
SPMM,113,83,0 0
SETZERO,83,1 0
SPMM,83,69,0 0
SPMM,83,82,0 0
SPMM,83,83,0 0
SETZERO,111,1 0
SPMM,111,79,0 0
SPMM,111,82,0 0
SPMM,111,83,0 0
SPMM,111,84,0 0
SPMM,111,110,0 0
SPMM,111,111,0 0
SPMM,111,112,0 0
SPMM,111,133,0 0
SPMM,111,135,0 0
SPMM,111,113,0 0
SPMM,111,114,0 0
SPMM,111,119,0 0
SPMM,111,134,0 0
SETZERO,101,1 0
SPMM,101,100,0 0
SPMM,101,102,0 0
SPMM,101,103,0 0
SPMM,101,104,0 0
SPMM,101,105,0 0
SPMM,101,121,0 0
SPMM,101,122,0 0
SPMM,101,126,0 0
SPMM,101,127,0 0
SPMM,82,31,0 0
DLACPY,66,21 0
SPMM,67,66,0 0
SPMM,68,66,0 0
SPMM,69,66,0 0
SPMM,82,66,0 0
SPMM,101,66,0 0
SPMM,102,66,0 0
SETZERO,81,1 0
SPMM,81,29,0 0
SPMM,81,31,0 0
SPMM,81,65,0 0
SPMM,81,66,0 0
SPMM,81,78,0 0
SPMM,81,79,0 0
SPMM,81,82,0 0
SPMM,81,111,0 0
SPMM,81,112,0 0
SPMM,72,101,0 0
SPMM,72,73,0 0
SPMM,72,103,0 0
SPMM,72,104,0 0
SPMM,72,102,0 0
SPMM,72,71,0 0
SPMM,72,72,0 0
SPMM,72,74,0 0
XTY,72,8,21 0
SETZERO,104,1 0
SPMM,104,70,0 0
SPMM,104,71,0 0
SPMM,104,72,0 0
SPMM,104,73,0 0
SPMM,104,74,0 0
SPMM,104,101,0 0
SPMM,104,102,0 0
SPMM,104,129,0 0
SPMM,104,103,0 0
SPMM,104,107,0 0
SPMM,104,127,0 0
SPMM,104,128,0 0
SPMM,104,104,0 0
SPMM,104,105,0 0
SPMM,104,106,0 0
SPMM,104,126,0 0
XTY,104,8,21 0
SETZERO,121,1 0
SPMM,121,100,0 0
SPMM,121,101,0 0
SPMM,121,102,0 0
SPMM,121,103,0 0
SPMM,121,119,0 0
SPMM,121,120,0 0
SPMM,121,121,0 0
SPMM,121,122,0 0
SPMM,121,123,0 0
SPMM,121,124,0 0
SPMM,121,125,0 0
SPMM,121,126,0 0
SPMM,121,127,0 0
SPMM,121,133,0 0
SPMM,121,134,0 0
SPMM,121,145,0 0
SETZERO,79,1 0
SPMM,79,27,0 0
SPMM,79,28,0 0
SPMM,79,29,0 0
SPMM,79,30,0 0
SPMM,79,31,0 0
SPMM,79,32,0 0
SPMM,79,33,0 0
SPMM,79,111,0 0
SPMM,29,10,0 0
SPMM,29,15,0 0
SPMM,103,121,0 0
DLACPY,59,21 0
SPMM,49,59,0 0
SETZERO,37,1 0
SPMM,37,34,0 0
SPMM,37,84,0 0
DLACPY,35,21 0
SPMM,34,35,0 0
SPMM,36,35,0 0
SPMM,37,35,0 0
SETZERO,35,1 0
SPMM,35,34,0 0
SPMM,35,35,0 0
SPMM,35,78,0 0
SPMM,35,84,0 0
DLACPY,36,21 0
SPMM,34,36,0 0
SPMM,35,36,0 0
SPMM,36,36,0 0
SPMM,37,36,0 0
SPMM,39,36,0 0
DLACPY,44,21 0
SPMM,41,44,0 0
SPMM,42,44,0 0
SPMM,43,44,0 0
XY,45,20 0
DLACPY,45,21 0
SPMM,42,45,0 0
SPMM,43,45,0 0
SETZERO,45,1 0
SPMM,45,42,0 0
SPMM,45,43,0 0
SPMM,45,44,0 0
SPMM,45,45,0 0
SPMM,45,88,0 0
SPMM,45,89,0 0
SETZERO,44,1 0
SPMM,44,41,0 0
SPMM,44,42,0 0
SPMM,44,44,0 0
SPMM,44,45,0 0
SPMM,44,88,0 0
SPMM,44,89,0 0
SETZERO,84,1 0
SPMM,84,32,0 0
SPMM,84,33,0 0
SPMM,84,36,0 0
SPMM,84,82,0 0
SPMM,84,83,0 0
SPMM,84,111,0 0
SPMM,84,84,0 0
SPMM,112,134,0 0
SPMM,112,135,0 0
SETZERO,61,1 0
SPMM,61,14,0 0
SPMM,61,16,0 0
SPMM,61,17,0 0
SPMM,61,66,0 0
SPMM,61,70,0 0
SPMM,61,15,0 0
SPMM,61,20,0 0
SPMM,61,61,0 0
SPMM,61,62,0 0
SPMM,61,18,0 0
SPMM,61,65,0 0
SPMM,61,101,0 0
SPMM,84,110,0 0
SPMM,35,32,0 0
SPMM,35,33,0 0
SPMM,35,79,0 0
SPMM,24,26,0 0
SPMM,113,84,0 0
SPMM,12,4,0 0
SPMM,6,15,0 0
SPMM,5,16,0 0
SPMM,32,35,0 0
SPMM,33,31,0 0
SPMM,4,16,0 0
SPMM,21,19,0 0
SPMM,21,70,0 0
SETZERO,105,1 0
SPMM,105,71,0 0
SPMM,105,73,0 0
SPMM,105,127,0 0
SPMM,105,104,0 0
SPMM,105,106,0 0
SPMM,105,108,0 0
SPMM,105,128,0 0
SPMM,105,129,0 0
SPMM,105,74,0 0
SPMM,105,76,0 0
SPMM,105,101,0 0
SPMM,105,102,0 0
SPMM,105,103,0 0
SPMM,105,131,0 0
SPMM,18,6,0 0
SPMM,105,72,0 0
SPMM,105,75,0 0
SPMM,105,105,0 0
SPMM,105,107,0 0
XTY,105,9,21 0
SPMM,33,35,0 0
SPMM,0,2,0 0
SPMM,1,13,0 0
SPMM,24,76,0 0
SETZERO,132,1 0
SPMM,132,108,0 0
SPMM,132,131,0 0
SPMM,132,133,0 0
SPMM,132,152,0 0
XY,109,20 0
DLACPY,109,21 0
SPMM,109,109,0 0
SPMM,132,109,0 0
SETZERO,76,1 0
SPMM,76,24,0 0
SPMM,76,25,0 0
SPMM,76,26,0 0
SPMM,76,73,0 0
SPMM,76,74,0 0
SPMM,76,75,0 0
SPMM,76,76,0 0
SPMM,76,77,0 0
SPMM,76,105,0 0
SPMM,76,106,0 0
SPMM,76,108,0 0
SPMM,76,109,0 0
SETZERO,75,1 0
SPMM,75,22,0 0
SPMM,75,24,0 0
SPMM,75,25,0 0
SPMM,75,26,0 0
SPMM,75,74,0 0
SPMM,75,76,0 0
SPMM,75,77,0 0
SPMM,75,108,0 0
SPMM,75,109,0 0
SPMM,75,23,0 0
SETZERO,71,1 0
SPMM,71,20,0 0
SPMM,71,102,0 0
SPMM,71,103,0 0
SPMM,71,104,0 0
SETZERO,31,1 0
SPMM,31,84,0 0
SPMM,75,73,0 0
SPMM,75,75,0 0
SPMM,75,105,0 0
SPMM,75,106,0 0
XTY,75,11,21 0
SPMM,71,60,0 0
SPMM,71,61,0 0
SPMM,71,66,0 0
SPMM,71,70,0 0
SPMM,71,72,0 0
SPMM,71,73,0 0
SPMM,71,74,0 0
SPMM,71,105,0 0
SPMM,31,27,0 0
SPMM,31,32,0 0
SPMM,31,33,0 0
SPMM,31,82,0 0
DLACPY,39,21 0
SPMM,36,39,0 0
SPMM,37,39,0 0
SPMM,39,39,0 0
SPMM,40,39,0 0
SPMM,41,39,0 0
SPMM,42,39,0 0
DLACPY,37,21 0
SPMM,34,37,0 0
SPMM,35,37,0 0
SPMM,36,37,0 0
SPMM,37,37,0 0
SPMM,39,37,0 0
SETZERO,38,1 0
SPMM,38,37,0 0
SPMM,38,39,0 0
SPMM,38,36,0 0
SPMM,5,17,0 0
SETZERO,176,1 0
SPMM,176,173,0 0
SPMM,176,174,0 0
SPMM,176,175,0 0
SPMM,176,178,0 0
XY,177,20 0
DLACPY,177,21 0
SPMM,167,177,0 0
SPMM,168,177,0 0
SPMM,176,177,0 0
SPMM,180,177,0 0
SETZERO,177,1 0
SPMM,177,175,0 0
SPMM,177,177,0 0
SPMM,177,178,0 0
SPMM,164,154,0 0
SPMM,179,173,0 0
SETZERO,175,1 0
SPMM,175,173,0 0
SPMM,175,174,0 0
SPMM,175,175,0 0
SPMM,175,177,0 0
SPMM,175,178,0 0
XY,168,20 0
DLACPY,168,21 0
SPMM,166,168,0 0
SPMM,167,168,0 0
SPMM,168,168,0 0
SPMM,169,168,0 0
SPMM,171,168,0 0
SPMM,174,168,0 0
SPMM,175,168,0 0
SPMM,177,168,0 0
SPMM,170,168,0 0
SPMM,176,168,0 0
SETZERO,158,1 0
SPMM,158,140,0 0
SPMM,158,143,0 0
SPMM,158,144,0 0
SPMM,158,145,0 0
SPMM,158,168,0 0
XY,166,20 0
DLACPY,166,21 0
SPMM,158,166,0 0
SPMM,166,166,0 0
SPMM,167,166,0 0
SPMM,169,166,0 0
SPMM,170,166,0 0
SPMM,174,166,0 0
SPMM,175,166,0 0
XY,167,20 0
DLACPY,167,21 0
SPMM,158,167,0 0
SPMM,166,167,0 0
SPMM,167,167,0 0
SPMM,174,167,0 0
SPMM,175,167,0 0
SPMM,176,167,0 0
SPMM,177,167,0 0
XY,180,20 0
DLACPY,180,21 0
SPMM,174,180,0 0
SPMM,175,180,0 0
SPMM,176,180,0 0
SPMM,177,180,0 0
SPMM,179,180,0 0
SPMM,180,180,0 0
SPMM,181,180,0 0
SETZERO,173,1 0
SPMM,173,172,0 0
SPMM,173,173,0 0
SPMM,173,174,0 0
SPMM,173,175,0 0
SPMM,173,178,0 0
SPMM,173,179,0 0
SPMM,173,180,0 0
SPMM,173,167,0 0
XY,165,20 0
SETZERO,165,1 0
SPMM,165,154,0 0
SPMM,165,155,0 0
SPMM,165,166,0 0
SPMM,165,168,0 0
SPMM,165,173,0 0
XY,169,20 0
DLACPY,169,21 0
SPMM,165,169,0 0
SPMM,166,169,0 0
SPMM,169,169,0 0
SPMM,170,169,0 0
SPMM,171,169,0 0
SPMM,173,169,0 0
SPMM,174,169,0 0
XY,170,20 0
DLACPY,170,21 0
SPMM,165,170,0 0
SPMM,166,170,0 0
SPMM,169,170,0 0
SPMM,170,170,0 0
SPMM,171,170,0 0
SPMM,173,170,0 0
SPMM,174,170,0 0
SETZERO,178,1 0
SPMM,178,168,0 0
SPMM,178,169,0 0
SPMM,178,170,0 0
SPMM,178,181,0 0
SPMM,178,173,0 0
SPMM,178,174,0 0
SPMM,178,175,0 0
SPMM,178,180,0 0
DLACPY,165,21 0
SPMM,165,165,0 0
SPMM,166,165,0 0
SPMM,169,165,0 0
SPMM,170,165,0 0
DLACPY,171,21 0
SPMM,169,171,0 0
SPMM,170,171,0 0
SPMM,171,171,0 0
SPMM,173,171,0 0
XY,158,20 0
DLACPY,158,21 0
SPMM,158,158,0 0
SPMM,166,158,0 0
SPMM,167,158,0 0
SETZERO,162,1 0
SPMM,162,165,0 0
SPMM,162,168,0 0
SPMM,162,169,0 0
SPMM,162,171,0 0
XY,159,20 0
DLACPY,159,21 0
SPMM,158,159,0 0
SPMM,162,159,0 0
SPMM,165,159,0 0
SPMM,166,159,0 0
SPMM,167,159,0 0
SPMM,168,159,0 0
SPMM,169,159,0 0
XY,161,20 0
DLACPY,161,21 0
SPMM,162,161,0 0
SPMM,165,161,0 0
SPMM,168,161,0 0
SPMM,169,161,0 0
SPMM,171,161,0 0
XY,151,20 0
DLACPY,151,21 0
SPMM,130,151,0 0
SETZERO,153,1 0
SPMM,153,131,0 0
SPMM,153,133,0 0
SPMM,153,151,0 0
SPMM,153,152,0 0
SPMM,153,154,0 0
SPMM,153,161,0 0
XY,163,20 0
DLACPY,163,21 0
SPMM,153,163,0 0
SPMM,162,163,0 0
SPMM,164,163,0 0
SPMM,168,163,0 0
SPMM,169,163,0 0
SPMM,171,163,0 0
SPMM,172,163,0 0
SETZERO,150,1 0
SPMM,150,127,0 0
SPMM,150,128,0 0
SPMM,150,129,0 0
SPMM,150,130,0 0
SPMM,150,131,0 0
SPMM,150,148,0 0
SPMM,150,163,0 0
SETZERO,154,1 0
SPMM,154,134,0 0
SPMM,154,159,0 0
SPMM,154,163,0 0
SPMM,154,164,0 0
SPMM,153,164,0 0
XY,160,20 0
DLACPY,160,21 0
SPMM,153,160,0 0
SPMM,162,160,0 0
SPMM,165,160,0 0
SPMM,168,160,0 0
SPMM,169,160,0 0
SPMM,171,160,0 0
SPMM,6,14,0 0
XY,162,20 0
DLACPY,162,21 0
SPMM,162,162,0 0
SPMM,165,162,0 0
SPMM,168,162,0 0
SPMM,169,162,0 0
SPMM,171,162,0 0
XTY,162,2,21 0
SPMM,87,88,0 0
XY,117,20 0
DLACPY,117,21 0
SPMM,118,117,0 0
SETZERO,143,1 0
SPMM,143,116,0 0
SPMM,143,117,0 0
SPMM,143,118,0 0
SPMM,143,119,0 0
SPMM,143,140,0 0
SPMM,143,143,0 0
SPMM,143,144,0 0
SPMM,143,145,0 0
SPMM,143,158,0 0
SETZERO,139,1 0
SPMM,139,117,0 0
SPMM,139,137,0 0
SPMM,139,140,0 0
SPMM,139,154,0 0
SPMM,139,155,0 0
SPMM,139,115,0 0
SPMM,139,136,0 0
SPMM,12,3,0 0
SPMM,12,2,0 0
SPMM,9,8,0 0
SPMM,8,19,0 0
SPMM,41,43,0 0
SPMM,74,22,0 0
SETZERO,115,1 0
SPMM,115,88,0 0
SPMM,115,89,0 0
SPMM,115,116,0 0
SPMM,115,117,0 0
SPMM,115,135,0 0
SPMM,115,136,0 0
SPMM,115,138,0 0
SPMM,115,140,0 0
SETZERO,27,1 0
SPMM,27,14,0 0
SPMM,27,26,0 0
SPMM,27,27,0 0
SPMM,27,29,0 0
SPMM,27,31,0 0
SPMM,27,32,0 0
SPMM,27,78,0 0
SPMM,27,79,0 0
DLACPY,87,21 0
SPMM,39,87,0 0
SPMM,40,87,0 0
SPMM,41,87,0 0
SPMM,42,87,0 0
SPMM,85,87,0 0
SPMM,87,87,0 0
SPMM,88,87,0 0
SPMM,115,87,0 0
SPMM,27,12,0 0
SPMM,115,139,0 0
SPMM,84,37,0 0
SPMM,84,79,0 0
SPMM,114,114,0 0
SPMM,114,135,0 0
SPMM,114,136,0 0
SPMM,27,13,0 0
SETZERO,147,1 0
SPMM,147,123,0 0
SPMM,147,124,0 0
SPMM,147,125,0 0
SPMM,147,126,0 0
SPMM,147,127,0 0
SPMM,147,159,0 0
SPMM,147,128,0 0
SPMM,147,146,0 0
SPMM,147,154,0 0
SPMM,147,155,0 0
SETZERO,140,1 0
SPMM,140,115,0 0
SPMM,140,116,0 0
SPMM,140,117,0 0
SPMM,140,118,0 0
SPMM,140,138,0 0
SPMM,140,139,0 0
SPMM,140,158,0 0
XY,141,20 0
DLACPY,141,21 0
SPMM,118,141,0 0
SPMM,139,141,0 0
SPMM,143,141,0 0
SPMM,158,141,0 0
SETZERO,141,1 0
SPMM,141,116,0 0
SPMM,141,117,0 0
SPMM,141,138,0 0
SPMM,141,139,0 0
SPMM,141,140,0 0
SPMM,141,141,0 0
SPMM,141,143,0 0
SPMM,141,144,0 0
SPMM,141,155,0 0
SPMM,141,158,0 0
SETZERO,116,1 0
SPMM,116,87,0 0
SPMM,116,89,0 0
SPMM,116,140,0 0
SPMM,116,141,0 0
SPMM,116,88,0 0
SPMM,116,114,0 0
SPMM,116,115,0 0
SPMM,116,143,0 0
SPMM,139,135,0 0
SETZERO,142,1 0
SPMM,142,117,0 0
SPMM,142,118,0 0
SPMM,142,140,0 0
SPMM,142,141,0 0
SPMM,142,158,0 0
SPMM,142,116,0 0
SPMM,8,9,0 0
SPMM,74,25,0 0
SPMM,43,41,0 0
SETZERO,155,1 0
SPMM,155,136,0 0
SPMM,155,138,0 0
SPMM,155,140,0 0
SPMM,155,160,0 0
SPMM,155,141,0 0
SPMM,155,146,0 0
SPMM,155,148,0 0
SPMM,155,154,0 0
SPMM,155,155,0 0
SPMM,155,159,0 0
SPMM,142,143,0 0
SPMM,142,144,0 0
SPMM,141,118,0 0
SPMM,139,116,0 0
SPMM,139,138,0 0
SPMM,139,139,0 0
XY,156,20 0
DLACPY,156,21 0
SPMM,139,156,0 0
SPMM,141,156,0 0
SPMM,165,156,0 0
SPMM,166,156,0 0
SPMM,154,156,0 0
SPMM,154,133,0 0
SPMM,154,135,0 0
SPMM,154,137,0 0
SPMM,154,138,0 0
SPMM,154,146,0 0
SPMM,154,147,0 0
XY,157,20 0
DLACPY,157,21 0
SPMM,139,157,0 0
SPMM,141,157,0 0
SPMM,142,157,0 0
SPMM,143,157,0 0
SPMM,158,157,0 0
SPMM,165,157,0 0
SPMM,166,157,0 0
SPMM,167,157,0 0
SETZERO,138,1 0
SPMM,138,114,0 0
SPMM,138,115,0 0
SPMM,138,116,0 0
SPMM,138,117,0 0
SPMM,138,135,0 0
SPMM,138,136,0 0
SPMM,138,157,0 0
SPMM,138,138,0 0
SPMM,138,140,0 0
SPMM,138,154,0 0
SPMM,138,155,0 0
SPMM,138,137,0 0
SPMM,138,139,0 0
SPMM,138,141,0 0
SPMM,138,156,0 0
XTY,138,10,21 0
XY,142,20 0
DLACPY,142,21 0
SPMM,118,142,0 0
SPMM,141,142,0 0
SPMM,142,142,0 0
SPMM,143,142,0 0
SPMM,158,142,0 0
SETZERO,144,1 0
SPMM,144,118,0 0
SPMM,144,119,0 0
SPMM,144,140,0 0
SPMM,144,141,0 0
SPMM,144,142,0 0
SPMM,144,143,0 0
SPMM,144,144,0 0
SPMM,144,145,0 0
SPMM,144,157,0 0
SPMM,144,158,0 0
SPMM,144,156,0 0
SPMM,142,156,0 0
SPMM,143,156,0 0
SPMM,158,156,0 0
SPMM,167,156,0 0
XTY,144,0,21 0
SPMM,145,120,0 0
XTY,142,14,21 0
SPMM,145,158,0 0
SPMM,145,128,0 0
SPMM,87,89,0 0
SPMM,116,142,0 0
SPMM,116,90,0 0
SPMM,116,118,0 0
SPMM,116,135,0 0
SPMM,116,139,0 0
SPMM,140,142,0 0
SPMM,140,157,0 0
SPMM,140,156,0 0
SPMM,140,141,0 0
SPMM,140,140,0 0
SPMM,140,143,0 0
SPMM,140,144,0 0
SPMM,140,155,0 0
XTY,140,12,21 0
SETZERO,156,1 0
SPMM,156,138,0 0
SPMM,156,139,0 0
SPMM,156,140,0 0
SPMM,156,141,0 0
SPMM,156,142,0 0
SPMM,156,143,0 0
SPMM,156,144,0 0
SPMM,156,154,0 0
SPMM,156,167,0 0
SPMM,156,155,0 0
SPMM,156,160,0 0
SPMM,156,165,0 0
SPMM,156,166,0 0
SPMM,156,156,0 0
SPMM,156,157,0 0
SPMM,156,158,0 0
SPMM,156,159,0 0
XTY,156,12,21 0
SETZERO,157,1 0
SPMM,157,138,0 0
SPMM,157,139,0 0
SPMM,157,140,0 0
SPMM,157,141,0 0
SPMM,157,142,0 0
SPMM,157,143,0 0
SPMM,157,167,0 0
SPMM,157,144,0 0
SPMM,157,155,0 0
SPMM,157,156,0 0
SPMM,157,166,0 0
SPMM,157,157,0 0
SPMM,157,158,0 0
SPMM,157,159,0 0
SPMM,157,165,0 0
XTY,157,13,21 0
SPMM,155,157,0 0
SPMM,155,135,0 0
SPMM,155,139,0 0
SPMM,155,145,0 0
SPMM,155,165,0 0
SPMM,155,156,0 0
SPMM,155,137,0 0
SPMM,155,147,0 0
SPMM,155,166,0 0
XTY,155,11,21 0
SPMM,164,171,0 0
SPMM,168,171,0 0
SPMM,172,171,0 0
SPMM,174,171,0 0
SPMM,179,171,0 0
XY,176,20 0
DLACPY,176,21 0
SPMM,167,176,0 0
SPMM,168,176,0 0
SPMM,173,176,0 0
SPMM,174,176,0 0
SPMM,175,176,0 0
SPMM,176,176,0 0
SPMM,177,176,0 0
SPMM,180,176,0 0
SPMM,173,165,0 0
SPMM,173,166,0 0
SPMM,173,168,0 0
XTY,173,13,21 0
SPMM,168,158,0 0
SPMM,168,165,0 0
SPMM,168,170,0 0
SPMM,168,169,0 0
SPMM,168,167,0 0
SPMM,168,166,0 0
XTY,168,8,21 0
DLACPY,85,21 0
SPMM,37,85,0 0
SPMM,38,85,0 0
SPMM,84,85,0 0
SPMM,85,85,0 0
SPMM,36,85,0 0
SPMM,39,85,0 0
SPMM,111,85,0 0
SPMM,112,85,0 0
SPMM,114,85,0 0
SPMM,35,85,0 0
SPMM,115,85,0 0
SPMM,42,40,0 0
SPMM,40,37,0 0
SPMM,164,152,0 0
SPMM,166,155,0 0
XY,149,20 0
DLACPY,149,21 0
SPMM,130,149,0 0
SETZERO,126,1 0
SPMM,126,100,0 0
SPMM,126,101,0 0
SPMM,126,102,0 0
SPMM,126,103,0 0
SPMM,126,121,0 0
SPMM,126,122,0 0
SPMM,126,124,0 0
SPMM,126,148,0 0
SPMM,126,149,0 0
SPMM,126,104,0 0
SPMM,126,123,0 0
SPMM,126,125,0 0
SPMM,126,126,0 0
SPMM,126,127,0 0
SPMM,115,114,0 0
SPMM,84,35,0 0
SPMM,126,128,0 0
SPMM,126,145,0 0
SPMM,126,146,0 0
SPMM,126,147,0 0
XTY,126,14,21 0
SETZERO,127,1 0
SPMM,127,102,0 0
SPMM,127,103,0 0
SPMM,127,104,0 0
SPMM,127,105,0 0
SPMM,127,107,0 0
SPMM,127,122,0 0
SPMM,127,123,0 0
SPMM,127,148,0 0
SPMM,127,149,0 0
SPMM,127,101,0 0
SPMM,127,126,0 0
SPMM,127,128,0 0
SPMM,127,130,0 0
SPMM,145,149,0 0
XTY,143,15,21 0
XTY,33,1,21 0
SPMM,145,133,0 0
SPMM,145,137,0 0
SPMM,145,143,0 0
SPMM,145,144,0 0
SPMM,145,155,0 0
SPMM,145,159,0 0
SPMM,145,119,0 0
SPMM,145,121,0 0
SPMM,145,122,0 0
SPMM,145,124,0 0
SPMM,145,125,0 0
SPMM,145,126,0 0
SPMM,145,127,0 0
XTY,145,1,21 0
SETZERO,146,1 0
SPMM,146,126,0 0
SPMM,146,128,0 0
SPMM,146,149,0 0
SPMM,146,155,0 0
SPMM,146,127,0 0
SPMM,146,134,0 0
SPMM,146,137,0 0
XTY,167,7,21 0
SPMM,146,121,0 0
SPMM,146,122,0 0
SPMM,146,133,0 0
SPMM,146,146,0 0
SPMM,146,159,0 0
SPMM,147,149,0 0
SPMM,147,145,0 0
SPMM,147,147,0 0
SPMM,147,148,0 0
XTY,147,3,21 0
DLACPY,153,21 0
SPMM,132,153,0 0
SPMM,153,153,0 0
DLACPY,150,21 0
SETZERO,161,1 0
SPMM,161,150,0 0
SPMM,161,153,0 0
SETZERO,151,1 0
SPMM,151,128,0 0
SPMM,151,129,0 0
SPMM,151,148,0 0
SPMM,151,149,0 0
SPMM,151,150,0 0
SPMM,151,151,0 0
SPMM,151,153,0 0
SETZERO,131,1 0
SPMM,131,150,0 0
SPMM,131,151,0 0
SPMM,131,153,0 0
SPMM,161,152,0 0
SPMM,161,159,0 0
SPMM,161,165,0 0
SPMM,161,169,0 0
SPMM,161,171,0 0
SPMM,131,106,0 0
SPMM,151,130,0 0
SPMM,151,160,0 0
SPMM,131,105,0 0
SPMM,131,108,0 0
SPMM,131,129,0 0
SPMM,131,130,0 0
SPMM,131,131,0 0
DLACPY,132,21 0
SPMM,108,132,0 0
SPMM,131,132,0 0
SPMM,132,132,0 0
SPMM,108,109,0 0
SPMM,108,107,0 0
SPMM,108,108,0 0
SPMM,108,129,0 0
XTY,108,12,21 0
SPMM,109,132,0 0
SPMM,130,150,0 0
SPMM,153,150,0 0
SPMM,127,106,0 0
SPMM,127,121,0 0
SPMM,127,129,0 0
SPMM,127,145,0 0
SPMM,127,150,0 0
SPMM,127,127,0 0
SPMM,127,146,0 0
SPMM,127,147,0 0
XTY,127,15,21 0
SPMM,153,132,0 0
SPMM,164,153,0 0
SETZERO,159,1 0
SPMM,159,162,0 0
SPMM,159,165,0 0
SPMM,159,166,0 0
SPMM,159,167,0 0
SPMM,159,168,0 0
SPMM,159,145,0 0
SPMM,159,151,0 0
SPMM,159,154,0 0
SPMM,159,155,0 0
SPMM,159,156,0 0
SPMM,159,158,0 0
SPMM,159,159,0 0
SPMM,159,146,0 0
SPMM,159,148,0 0
SPMM,159,149,0 0
SPMM,159,160,0 0
SPMM,159,161,0 0
SPMM,159,147,0 0
SPMM,159,150,0 0
SPMM,159,157,0 0
SPMM,159,169,0 0
XTY,159,15,21 0
SPMM,150,153,0 0
SPMM,150,149,0 0
SPMM,150,152,0 0
SPMM,150,161,0 0
SPMM,150,150,0 0
SPMM,150,160,0 0
SPMM,150,151,0 0
SPMM,150,159,0 0
XTY,150,6,21 0
SPMM,154,153,0 0
SPMM,154,136,0 0
SPMM,154,139,0 0
SPMM,154,145,0 0
SPMM,154,154,0 0
SETZERO,128,1 0
SPMM,128,104,0 0
SPMM,128,106,0 0
SPMM,128,108,0 0
SPMM,128,131,0 0
SPMM,128,145,0 0
SPMM,128,146,0 0
SPMM,128,148,0 0
SPMM,128,149,0 0
SPMM,128,150,0 0
SPMM,128,129,0 0
SETZERO,133,1 0
SPMM,133,111,0 0
SPMM,133,137,0 0
SPMM,133,145,0 0
SPMM,133,146,0 0
SPMM,133,152,0 0
SPMM,133,153,0 0
SPMM,133,113,0 0
SPMM,133,114,0 0
SPMM,133,120,0 0
SPMM,133,131,0 0
SPMM,133,133,0 0
SPMM,133,119,0 0
SPMM,133,121,0 0
SPMM,133,124,0 0
SPMM,133,125,0 0
SPMM,133,134,0 0
SPMM,133,135,0 0
SPMM,133,154,0 0
SPMM,133,110,0 0
SPMM,133,112,0 0
SPMM,133,132,0 0
SPMM,133,136,0 0
XTY,133,5,21 0
SPMM,128,105,0 0
SPMM,128,107,0 0
SPMM,128,128,0 0
SPMM,128,147,0 0
SPMM,128,152,0 0
SPMM,128,126,0 0
SPMM,128,127,0 0
SPMM,128,130,0 0
SPMM,128,151,0 0
XTY,128,0,21 0
SPMM,129,150,0 0
SPMM,129,149,0 0
SPMM,129,151,0 0
SPMM,129,130,0 0
XTY,129,1,21 0
SETZERO,148,1 0
SPMM,148,125,0 0
SPMM,148,126,0 0
SPMM,148,127,0 0
SPMM,148,128,0 0
SPMM,148,129,0 0
SPMM,148,130,0 0
SPMM,148,145,0 0
SPMM,148,146,0 0
SPMM,148,147,0 0
SPMM,148,148,0 0
SPMM,148,149,0 0
SPMM,148,150,0 0
SPMM,148,151,0 0
SPMM,148,154,0 0
SPMM,148,155,0 0
SPMM,148,159,0 0
SPMM,148,160,0 0
SPMM,148,124,0 0
XTY,148,4,21 0
SPMM,178,171,0 0
SPMM,178,172,0 0
SPMM,178,176,0 0
SPMM,178,177,0 0
SPMM,178,178,0 0
SPMM,178,179,0 0
XTY,178,2,21 0
SPMM,131,109,0 0
SETZERO,152,1 0
SPMM,152,128,0 0
SPMM,152,129,0 0
SPMM,152,131,0 0
SPMM,152,133,0 0
SPMM,152,150,0 0
SPMM,152,152,0 0
SPMM,152,153,0 0
SPMM,152,163,0 0
SETZERO,149,1 0
SPMM,149,127,0 0
SPMM,149,129,0 0
SPMM,149,130,0 0
SPMM,149,148,0 0
SPMM,149,150,0 0
SPMM,149,151,0 0
SPMM,149,159,0 0
SPMM,149,128,0 0
SPMM,149,146,0 0
SPMM,149,160,0 0
SPMM,152,164,0 0
SPMM,152,130,0 0
SPMM,152,132,0 0
SPMM,152,151,0 0
SPMM,152,154,0 0
SPMM,152,160,0 0
SPMM,152,161,0 0
XTY,152,8,21 0
SPMM,149,126,0 0
SPMM,149,145,0 0
SPMM,149,147,0 0
SPMM,149,149,0 0
XTY,149,5,21 0
SPMM,131,107,0 0
SPMM,131,128,0 0
SPMM,131,133,0 0
SPMM,131,152,0 0
XTY,131,3,21 0
SETZERO,160,1 0
SPMM,160,148,0 0
SPMM,160,150,0 0
SPMM,160,156,0 0
SPMM,160,159,0 0
SPMM,160,161,0 0
SPMM,160,162,0 0
SPMM,160,163,0 0
SPMM,160,149,0 0
SPMM,160,151,0 0
SPMM,160,152,0 0
SPMM,160,154,0 0
SPMM,160,155,0 0
SPMM,160,168,0 0
SPMM,160,169,0 0
SPMM,160,171,0 0
SPMM,160,153,0 0
SPMM,160,160,0 0
SPMM,160,165,0 0
XTY,160,0,21 0
SPMM,154,160,0 0
SPMM,154,148,0 0
SPMM,154,152,0 0
SPMM,154,155,0 0
SPMM,154,165,0 0
XTY,154,10,21 0
SETZERO,163,1 0
SPMM,163,150,0 0
SPMM,163,151,0 0
SPMM,163,152,0 0
SPMM,163,153,0 0
SPMM,163,154,0 0
SPMM,163,160,0 0
SPMM,163,172,0 0
SPMM,163,162,0 0
SPMM,163,164,0 0
SPMM,163,171,0 0
SPMM,151,131,0 0
SPMM,163,161,0 0
SPMM,163,163,0 0
SPMM,163,168,0 0
SPMM,163,169,0 0
XTY,163,3,21 0
SPMM,151,152,0 0
SPMM,151,159,0 0
SPMM,151,161,0 0
SPMM,151,163,0 0
XTY,151,7,21 0
SPMM,29,26,0 0
SPMM,29,11,0 0
DLACPY,81,21 0
SPMM,29,81,0 0
XTY,29,13,21 0
SETZERO,30,1 0
SPMM,30,13,0 0
SPMM,30,15,0 0
SPMM,30,16,0 0
SPMM,30,17,0 0
SPMM,30,29,0 0
SPMM,30,30,0 0
SPMM,30,31,0 0
SPMM,30,60,0 0
SPMM,30,61,0 0
SPMM,30,62,0 0
SPMM,30,65,0 0
SPMM,30,66,0 0
SPMM,30,78,0 0
SPMM,30,79,0 0
SPMM,30,81,0 0
SPMM,30,82,0 0
SPMM,30,14,0 0
XTY,30,14,21 0
SPMM,31,31,0 0
SPMM,31,34,0 0
SPMM,31,81,0 0
SPMM,31,29,0 0
SPMM,31,30,0 0
SPMM,31,65,0 0
SPMM,31,79,0 0
SPMM,31,26,0 0
SPMM,31,28,0 0
SPMM,31,66,0 0
SPMM,31,78,0 0
XTY,31,15,21 0
SETZERO,70,1 0
SPMM,70,18,0 0
SPMM,70,72,0 0
SPMM,70,82,0 0
SPMM,70,83,0 0
SPMM,70,101,0 0
SPMM,70,102,0 0
SPMM,70,103,0 0
SETZERO,66,1 0
SPMM,66,30,0 0
SPMM,66,31,0 0
SPMM,66,61,0 0
SPMM,66,67,0 0
SPMM,66,68,0 0
SPMM,66,69,0 0
SPMM,66,70,0 0
SPMM,66,81,0 0
SPMM,66,101,0 0
SPMM,70,60,0 0
SPMM,70,61,0 0
SPMM,70,62,0 0
SPMM,70,65,0 0
SPMM,70,66,0 0
SPMM,70,68,0 0
SPMM,70,69,0 0
SPMM,70,17,0 0
SPMM,70,19,0 0
SPMM,70,20,0 0
SPMM,70,67,0 0
SPMM,70,104,0 0
SPMM,79,81,0 0
SPMM,79,85,0 0
SPMM,79,35,0 0
SPMM,79,34,0 0
SPMM,79,78,0 0
SPMM,79,79,0 0
SPMM,79,82,0 0
SPMM,79,84,0 0
XTY,79,15,21 0
SPMM,81,81,0 0
SPMM,161,151,0 0
SPMM,161,168,0 0
SPMM,161,160,0 0
SPMM,161,161,0 0
SPMM,161,162,0 0
SPMM,161,163,0 0
XTY,161,1,21 0
SPMM,83,81,0 0
SPMM,83,65,0 0
SPMM,83,84,0 0
SPMM,83,101,0 0
SPMM,83,113,0 0
SPMM,84,81,0 0
SPMM,82,65,0 0
SPMM,112,84,0 0
SPMM,112,110,0 0
SPMM,112,111,0 0
SPMM,112,112,0 0
SPMM,112,113,0 0
SPMM,112,119,0 0
SPMM,85,81,0 0
SPMM,85,39,0 0
SPMM,85,36,0 0
SPMM,85,35,0 0
SPMM,85,34,0 0
SPMM,85,115,0 0
SPMM,85,114,0 0
DLACPY,99,21 0
SPMM,120,99,0 0
SPMM,123,99,0 0
XY,98,20 0
DLACPY,98,21 0
SETZERO,99,1 0
SPMM,99,59,0 0
SPMM,99,98,0 0
SPMM,99,99,0 0
SPMM,99,119,0 0
SPMM,99,120,0 0
SPMM,99,123,0 0
SPMM,99,124,0 0
SPMM,99,125,0 0
SETZERO,58,1 0
SPMM,58,98,0 0
SPMM,58,99,0 0
XY,55,20 0
DLACPY,55,21 0
SPMM,58,55,0 0
XY,95,20 0
DLACPY,95,21 0
SETZERO,54,1 0
SPMM,54,50,0 0
SPMM,54,55,0 0
SPMM,54,95,0 0
SPMM,54,98,0 0
SETZERO,90,1 0
SPMM,90,95,0 0
SPMM,90,110,0 0
SPMM,90,117,0 0
SPMM,90,118,0 0
XY,58,20 0
DLACPY,58,21 0
SPMM,58,58,0 0
SPMM,99,58,0 0
SETZERO,56,1 0
SPMM,56,55,0 0
SPMM,56,58,0 0
SPMM,56,98,0 0
XY,53,20 0
DLACPY,53,21 0
SPMM,54,53,0 0
SPMM,56,53,0 0
SETZERO,51,1 0
SPMM,51,50,0 0
SPMM,51,53,0 0
SPMM,51,77,0 0
SPMM,51,78,0 0
SPMM,51,90,0 0
SPMM,54,90,0 0
SPMM,58,59,0 0
SPMM,67,65,0 0
SPMM,67,70,0 0
SPMM,67,100,0 0
SPMM,130,127,0 0
XTY,130,2,21 0
SPMM,146,123,0 0
SPMM,146,125,0 0
XY,91,20 0
DLACPY,91,21 0
SPMM,49,91,0 0
SPMM,51,91,0 0
SPMM,54,91,0 0
XY,94,20 0
DLACPY,94,21 0
SPMM,51,94,0 0
SPMM,54,94,0 0
SPMM,56,94,0 0
SPMM,120,94,0 0
SPMM,120,98,0 0
SPMM,120,110,0 0
SPMM,120,112,0 0
SPMM,120,134,0 0
SETZERO,47,1 0
SPMM,47,48,0 0
SPMM,47,50,0 0
SPMM,47,59,0 0
SPMM,47,77,0 0
SPMM,47,78,0 0
SPMM,47,90,0 0
SPMM,47,91,0 0
SPMM,47,92,0 0
SPMM,5,3,0 0
SPMM,6,18,0 0
SPMM,109,75,0 0
XY,51,20 0
DLACPY,51,21 0
SPMM,47,51,0 0
SPMM,51,51,0 0
SPMM,54,51,0 0
XTY,6,6,21 0
XTY,12,12,21 0
XTY,0,0,21 0
XTY,4,4,21 0
SPMM,44,43,0 0
XY,46,20 0
DLACPY,46,21 0
SPMM,44,46,0 0
SPMM,45,46,0 0
SPMM,47,46,0 0
SPMM,51,46,0 0
SETZERO,46,1 0
SPMM,46,44,0 0
SPMM,46,45,0 0
SPMM,46,46,0 0
SPMM,46,50,0 0
SPMM,46,51,0 0
SPMM,46,77,0 0
SPMM,46,78,0 0
SPMM,46,89,0 0
SPMM,46,90,0 0
XTY,45,13,21 0
XTY,109,13,21 0
XTY,43,11,21 0
XTY,7,7,21 0
SPMM,87,41,0 0
SPMM,90,46,0 0
SPMM,90,94,0 0
SPMM,90,50,0 0
SPMM,90,89,0 0
SPMM,90,90,0 0
SPMM,25,74,0 0
XY,47,20 0
SETZERO,48,1 0
SPMM,48,48,0 0
SPMM,48,50,0 0
SPMM,48,59,0 0
SPMM,48,91,0 0
SPMM,48,92,0 0
XY,57,20 0
DLACPY,57,21 0
SPMM,54,57,0 0
SPMM,56,57,0 0
SPMM,58,57,0 0
XY,93,20 0
DLACPY,93,21 0
SPMM,49,93,0 0
SPMM,56,93,0 0
SPMM,123,93,0 0
SETZERO,59,1 0
SPMM,59,57,0 0
SPMM,59,58,0 0
SPMM,59,59,0 0
SPMM,59,60,0 0
SPMM,59,77,0 0
SPMM,59,78,0 0
SPMM,59,91,0 0
SPMM,59,92,0 0
SPMM,59,98,0 0
SPMM,59,50,0 0
SPMM,28,26,0 0
XY,49,20 0
DLACPY,49,21 0
SPMM,47,49,0 0
SPMM,48,49,0 0
SPMM,49,49,0 0
SPMM,59,49,0 0
SPMM,59,48,0 0
SPMM,59,99,0 0
SPMM,59,100,0 0
XY,63,20 0
DLACPY,63,21 0
SPMM,59,63,0 0
SPMM,67,63,0 0
SPMM,68,63,0 0
SPMM,61,63,0 0
SPMM,112,114,0 0
SPMM,61,19,0 0
SPMM,61,30,0 0
SPMM,61,60,0 0
SPMM,61,71,0 0
XTY,61,13,21 0
SETZERO,62,1 0
SPMM,62,17,0 0
SPMM,62,18,0 0
SPMM,62,19,0 0
SPMM,62,20,0 0
SPMM,62,63,0 0
SPMM,62,65,0 0
SPMM,62,66,0 0
SPMM,62,70,0 0
SPMM,62,71,0 0
SPMM,66,63,0 0
SPMM,66,60,0 0
SPMM,66,62,0 0
SPMM,66,65,0 0
SPMM,66,66,0 0
SPMM,66,71,0 0
SPMM,66,82,0 0
SPMM,66,102,0 0
XTY,66,2,21 0
SPMM,70,63,0 0
SPMM,70,21,0 0
SPMM,70,70,0 0
SPMM,70,71,0 0
XTY,70,6,21 0
SPMM,71,63,0 0
SPMM,71,19,0 0
SPMM,71,21,0 0
SPMM,71,22,0 0
SPMM,71,23,0 0
SPMM,71,62,0 0
SPMM,71,65,0 0
SPMM,71,71,0 0
SPMM,71,101,0 0
XTY,71,7,21 0
SETZERO,92,1 0
SPMM,92,49,0 0
SPMM,92,60,0 0
SPMM,92,63,0 0
SPMM,92,77,0 0
SPMM,92,78,0 0
SPMM,92,91,0 0
SPMM,92,92,0 0
SPMM,92,100,0 0
SPMM,92,121,0 0
DLACPY,47,21 0
SPMM,46,47,0 0
SPMM,47,47,0 0
SPMM,48,47,0 0
SPMM,49,47,0 0
SPMM,51,47,0 0
SPMM,59,47,0 0
SPMM,92,47,0 0
XY,64,20 0
DLACPY,64,21 0
SPMM,59,64,0 0
SPMM,67,64,0 0
SPMM,68,64,0 0
SPMM,92,64,0 0
XY,80,20 0
DLACPY,80,21 0
SPMM,59,80,0 0
SPMM,92,80,0 0
SPMM,82,84,0 0
SETZERO,60,1 0
SPMM,60,15,0 0
SPMM,60,16,0 0
SPMM,60,17,0 0
SPMM,60,18,0 0
SPMM,60,19,0 0
SPMM,60,20,0 0
SPMM,60,61,0 0
SPMM,60,65,0 0
SPMM,60,66,0 0
SPMM,60,70,0 0
SPMM,60,71,0 0
SPMM,60,77,0 0
SPMM,60,80,0 0
SPMM,60,91,0 0
SPMM,60,92,0 0
SPMM,60,14,0 0
SPMM,60,100,0 0
SPMM,84,78,0 0
DLACPY,38,21 0
SPMM,36,38,0 0
SPMM,37,38,0 0
SPMM,38,38,0 0
SPMM,39,38,0 0
SPMM,40,38,0 0
SPMM,60,30,0 0
SPMM,60,59,0 0
SPMM,60,60,0 0
SPMM,60,62,0 0
SPMM,60,63,0 0
SPMM,60,64,0 0
SPMM,60,78,0 0
SPMM,60,101,0 0
XTY,60,12,21 0
SPMM,85,38,0 0
SPMM,85,37,0 0
SPMM,85,78,0 0
SPMM,85,84,0 0
SPMM,85,112,0 0
SETZERO,86,1 0
SPMM,86,37,0 0
SPMM,86,38,0 0
SPMM,86,39,0 0
SPMM,86,40,0 0
SPMM,86,41,0 0
SPMM,86,42,0 0
SPMM,86,84,0 0
SPMM,86,85,0 0
SPMM,86,87,0 0
SPMM,86,88,0 0
SPMM,86,89,0 0
SPMM,86,111,0 0
SPMM,86,112,0 0
SPMM,86,114,0 0
SPMM,86,115,0 0
SPMM,86,116,0 0
SPMM,86,117,0 0
DLACPY,86,21 0
SPMM,37,86,0 0
SPMM,86,86,0 0
SPMM,87,86,0 0
SPMM,115,86,0 0
SPMM,85,86,0 0
SPMM,85,82,0 0
SPMM,85,79,0 0
SPMM,85,111,0 0
XTY,85,5,21 0
SPMM,88,86,0 0
SPMM,88,117,0 0
SPMM,87,39,0 0
SPMM,88,39,0 0
SPMM,88,45,0 0
SPMM,88,44,0 0
SPMM,87,36,0 0
SPMM,88,43,0 0
SPMM,88,90,0 0
SPMM,88,115,0 0
SPMM,88,118,0 0
SPMM,88,89,0 0
SPMM,87,116,0 0
SPMM,88,41,0 0
SPMM,88,42,0 0
SPMM,88,88,0 0
SPMM,88,116,0 0
SETZERO,89,1 0
SPMM,89,41,0 0
SPMM,89,42,0 0
SPMM,89,43,0 0
SPMM,89,44,0 0
SPMM,89,45,0 0
SPMM,89,46,0 0
SPMM,89,86,0 0
SPMM,89,119,0 0
SPMM,89,87,0 0
SPMM,89,88,0 0
SPMM,89,90,0 0
SPMM,89,115,0 0
SPMM,89,89,0 0
SPMM,89,116,0 0
SPMM,89,117,0 0
SPMM,89,118,0 0
XTY,89,9,21 0
SPMM,116,86,0 0
XTY,176,0,21 0
SPMM,87,114,0 0
SPMM,116,116,0 0
SPMM,116,117,0 0
SPMM,116,136,0 0
SPMM,116,138,0 0
XTY,116,4,21 0
SETZERO,117,1 0
SPMM,117,86,0 0
SPMM,117,87,0 0
SPMM,117,88,0 0
SPMM,117,89,0 0
SPMM,117,90,0 0
SPMM,117,115,0 0
SPMM,117,143,0 0
SPMM,117,117,0 0
SPMM,117,118,0 0
SPMM,117,140,0 0
SPMM,117,142,0 0
SPMM,117,116,0 0
SPMM,117,138,0 0
SPMM,117,139,0 0
SPMM,117,141,0 0
XTY,117,5,21 0
SPMM,40,86,0 0
SPMM,114,86,0 0
SPMM,86,36,0 0
XTY,86,6,21 0
SPMM,40,85,0 0
XTY,40,8,21 0
SPMM,114,87,0 0
XTY,114,2,21 0
SPMM,69,80,0 0
SPMM,69,70,0 0
SPMM,69,100,0 0
SETZERO,77,1 0
SPMM,77,46,0 0
SPMM,77,51,0 0
SPMM,77,77,0 0
SPMM,77,78,0 0
SPMM,77,80,0 0
SPMM,77,90,0 0
SPMM,77,91,0 0
SPMM,77,108,0 0
SPMM,77,109,0 0
SPMM,77,75,0 0
SPMM,77,92,0 0
SPMM,28,31,0 0
SPMM,32,31,0 0
SPMM,5,13,0 0
SPMM,103,71,0 0
SPMM,106,128,0 0
XTY,103,7,21 0
XTY,32,0,21 0
XTY,74,10,21 0
XTY,171,11,21 0
XTY,76,12,21 0
XTY,5,5,21 0
XTY,180,4,21 0
XTY,181,5,21 0
SPMM,87,37,0 0
XTY,1,1,21 0
SPMM,77,47,0 0
SPMM,77,49,0 0
SPMM,77,64,0 0
SPMM,77,100,0 0
SPMM,77,110,0 0
SPMM,77,50,0 0
SPMM,77,59,0 0
SPMM,77,60,0 0
SPMM,77,76,0 0
XTY,77,13,21 0
SPMM,82,30,0 0
SPMM,102,126,0 0
SETZERO,80,1 0
SPMM,80,69,0 0
SPMM,80,78,0 0
SPMM,80,80,0 0
SPMM,80,81,0 0
SPMM,80,102,0 0
SPMM,80,110,0 0
SPMM,80,64,0 0
SPMM,80,84,0 0
SPMM,80,90,0 0
SPMM,80,91,0 0
SPMM,80,101,0 0
SPMM,80,60,0 0
SPMM,80,65,0 0
SPMM,80,77,0 0
SPMM,80,82,0 0
SPMM,80,83,0 0
SPMM,80,112,0 0
SPMM,102,65,0 0
SPMM,80,59,0 0
SPMM,80,92,0 0
SPMM,80,100,0 0
SPMM,80,111,0 0
XTY,80,0,21 0
SPMM,82,80,0 0
SPMM,82,81,0 0
SPMM,112,120,0 0
SPMM,112,133,0 0
SPMM,83,80,0 0
SPMM,83,70,0 0
SPMM,83,100,0 0
SPMM,83,102,0 0
SPMM,69,67,0 0
SPMM,102,104,0 0
SPMM,102,121,0 0
SPMM,83,64,0 0
SPMM,83,110,0 0
SPMM,83,111,0 0
SPMM,83,112,0 0
XTY,83,3,21 0
SPMM,84,80,0 0
SPMM,81,30,0 0
SPMM,81,83,0 0
SPMM,81,84,0 0
SETZERO,91,1 0
SPMM,91,60,0 0
SPMM,91,77,0 0
SPMM,91,78,0 0
SPMM,91,80,0 0
SPMM,91,90,0 0
SPMM,91,92,0 0
SPMM,91,110,0 0
SPMM,91,119,0 0
SPMM,82,70,0 0
SPMM,82,100,0 0
SETZERO,100,1 0
SPMM,100,60,0 0
SPMM,100,77,0 0
SPMM,100,78,0 0
SPMM,100,80,0 0
SPMM,100,82,0 0
SPMM,100,83,0 0
SPMM,100,91,0 0
SPMM,100,92,0 0
SPMM,100,93,0 0
SPMM,100,100,0 0
SPMM,100,101,0 0
SPMM,100,102,0 0
SPMM,100,103,0 0
SPMM,100,121,0 0
SPMM,100,59,0 0
SPMM,100,67,0 0
SPMM,100,68,0 0
SPMM,100,69,0 0
SPMM,100,126,0 0
SPMM,100,63,0 0
SPMM,100,64,0 0
SPMM,100,65,0 0
SPMM,100,122,0 0
XTY,100,4,21 0
SPMM,102,80,0 0
SPMM,102,63,0 0
SPMM,102,100,0 0
SPMM,102,102,0 0
SPMM,102,103,0 0
SPMM,111,80,0 0
SPMM,111,81,0 0
SPMM,84,31,0 0
SPMM,82,102,0 0
SPMM,82,110,0 0
SPMM,82,111,0 0
SPMM,82,112,0 0
SPMM,112,80,0 0
SPMM,112,81,0 0
SPMM,82,101,0 0
SETZERO,110,1 0
SPMM,110,111,0 0
SPMM,110,112,0 0
SPMM,110,113,0 0
SPMM,110,119,0 0
SPMM,110,120,0 0
SPMM,36,86,0 0
SPMM,112,86,0 0
XTY,112,0,21 0
SPMM,36,87,0 0
XTY,36,4,21 0
SPMM,110,78,0 0
SPMM,110,83,0 0
SPMM,110,84,0 0
SPMM,110,94,0 0
SPMM,110,95,0 0
SPMM,84,114,0 0
SPMM,82,67,0 0
SPMM,82,113,0 0
SPMM,110,80,0 0
SPMM,110,81,0 0
SPMM,110,82,0 0
SPMM,110,110,0 0
SPMM,110,77,0 0
SPMM,110,90,0 0
SPMM,110,91,0 0
SPMM,110,133,0 0
XTY,110,14,21 0
SETZERO,63,1 0
SPMM,63,59,0 0
SPMM,63,61,0 0
SPMM,63,62,0 0
SPMM,63,63,0 0
SPMM,63,64,0 0
SPMM,63,65,0 0
SPMM,63,66,0 0
SPMM,63,67,0 0
SPMM,63,68,0 0
SPMM,63,70,0 0
SPMM,63,71,0 0
SPMM,63,91,0 0
SPMM,63,92,0 0
SPMM,63,100,0 0
SPMM,63,101,0 0
SPMM,63,102,0 0
SPMM,63,60,0 0
XTY,63,15,21 0
SPMM,62,15,0 0
SPMM,62,30,0 0
SPMM,62,60,0 0
SPMM,62,61,0 0
SPMM,62,62,0 0
SPMM,62,101,0 0
SPMM,62,16,0 0
XTY,62,14,21 0
SETZERO,64,1 0
SPMM,64,60,0 0
SPMM,64,63,0 0
SPMM,64,64,0 0
SPMM,64,65,0 0
SPMM,64,67,0 0
SPMM,64,68,0 0
SPMM,64,69,0 0
SPMM,64,77,0 0
SPMM,64,78,0 0
SPMM,64,80,0 0
SPMM,64,82,0 0
SPMM,64,83,0 0
SPMM,64,91,0 0
SPMM,64,92,0 0
SPMM,64,100,0 0
SPMM,64,101,0 0
SPMM,64,102,0 0
SPMM,64,59,0 0
XTY,64,0,21 0
SPMM,111,78,0 0
SPMM,111,120,0 0
SPMM,41,86,0 0
XTY,41,9,21 0
SPMM,111,86,0 0
XTY,111,15,21 0
SPMM,69,64,0 0
SPMM,84,112,0 0
SPMM,84,113,0 0
SPMM,102,67,0 0
SPMM,102,68,0 0
SPMM,102,70,0 0
SPMM,102,71,0 0
SPMM,102,72,0 0
SPMM,102,127,0 0
SPMM,102,64,0 0
SPMM,102,101,0 0
SPMM,102,105,0 0
SPMM,102,122,0 0
XTY,102,6,21 0
SPMM,69,65,0 0
SPMM,69,68,0 0
SPMM,69,101,0 0
SPMM,69,102,0 0
XTY,69,5,21 0
SPMM,87,115,0 0
SETZERO,78,1 0
SPMM,78,26,0 0
SPMM,78,59,0 0
SPMM,78,60,0 0
SPMM,78,64,0 0
SPMM,78,77,0 0
SPMM,78,78,0 0
SPMM,78,79,0 0
SPMM,78,80,0 0
SPMM,78,81,0 0
SPMM,78,82,0 0
SPMM,78,84,0 0
SPMM,78,85,0 0
SPMM,78,90,0 0
SPMM,78,91,0 0
SPMM,78,92,0 0
SPMM,78,110,0 0
SPMM,78,34,0 0
SPMM,78,35,0 0
SPMM,78,50,0 0
SPMM,78,51,0 0
SPMM,78,100,0 0
SPMM,78,28,0 0
SPMM,78,30,0 0
SPMM,78,31,0 0
SPMM,78,32,0 0
SPMM,78,33,0 0
SPMM,78,111,0 0
SPMM,87,117,0 0
SPMM,78,27,0 0
SPMM,78,29,0 0
SPMM,78,46,0 0
SPMM,78,47,0 0
XTY,78,14,21 0
SPMM,82,64,0 0
SETZERO,65,1 0
SPMM,65,62,0 0
SPMM,65,63,0 0
SPMM,65,64,0 0
SPMM,65,65,0 0
SPMM,65,66,0 0
SPMM,65,67,0 0
SPMM,65,68,0 0
SPMM,65,69,0 0
SPMM,65,70,0 0
SPMM,65,71,0 0
SPMM,65,80,0 0
SPMM,65,81,0 0
SPMM,65,82,0 0
SPMM,65,83,0 0
SPMM,65,100,0 0
SPMM,65,101,0 0
SPMM,34,85,0 0
XTY,34,2,21 0
SPMM,82,85,0 0
XTY,82,2,21 0
SPMM,65,16,0 0
SPMM,65,30,0 0
SPMM,65,61,0 0
SPMM,65,102,0 0
SPMM,65,15,0 0
SPMM,65,17,0 0
SPMM,65,31,0 0
SPMM,65,60,0 0
XTY,65,1,21 0
SPMM,101,80,0 0
SPMM,101,64,0 0
SPMM,101,65,0 0
SPMM,101,67,0 0
SPMM,101,72,0 0
SPMM,101,63,0 0
SPMM,101,60,0 0
SPMM,101,61,0 0
SPMM,101,68,0 0
SPMM,101,82,0 0
SPMM,101,83,0 0
SPMM,101,101,0 0
SPMM,101,62,0 0
SPMM,101,69,0 0
SPMM,101,70,0 0
SPMM,101,71,0 0
XTY,101,5,21 0
XY,96,20 0
DLACPY,96,21 0
SPMM,56,96,0 0
SPMM,58,96,0 0
SPMM,99,96,0 0
SPMM,120,96,0 0
SPMM,123,96,0 0
SPMM,120,95,0 0
SPMM,120,111,0 0
SPMM,120,121,0 0
SPMM,120,125,0 0
XTY,120,8,21 0
SETZERO,95,1 0
SPMM,95,53,0 0
SPMM,95,55,0 0
SPMM,95,57,0 0
SPMM,95,90,0 0
SPMM,95,91,0 0
SPMM,95,94,0 0
SPMM,95,95,0 0
SPMM,95,96,0 0
SPMM,95,124,0 0
SPMM,95,98,0 0
DLACPY,54,21 0
SPMM,54,54,0 0
SPMM,95,54,0 0
SPMM,95,99,0 0
SPMM,95,110,0 0
SPMM,95,119,0 0
SPMM,95,120,0 0
XTY,95,15,21 0
SETZERO,57,1 0
SPMM,57,53,0 0
SPMM,57,54,0 0
SPMM,57,55,0 0
SPMM,57,57,0 0
SPMM,57,58,0 0
SPMM,57,59,0 0
SPMM,57,94,0 0
SPMM,57,98,0 0
SPMM,57,99,0 0
SPMM,90,54,0 0
SPMM,90,80,0 0
SPMM,90,47,0 0
SPMM,90,51,0 0
SPMM,90,91,0 0
SPMM,90,53,0 0
SPMM,90,119,0 0
SETZERO,98,1 0
SPMM,98,53,0 0
SPMM,98,59,0 0
SPMM,98,95,0 0
SPMM,98,96,0 0
SPMM,98,99,0 0
SPMM,98,119,0 0
SPMM,98,120,0 0
SPMM,98,123,0 0
SETZERO,94,1 0
SPMM,94,51,0 0
SPMM,94,99,0 0
SPMM,94,110,0 0
SPMM,94,119,0 0
SPMM,94,120,0 0
SPMM,94,121,0 0
SPMM,94,122,0 0
SPMM,94,123,0 0
SPMM,87,42,0 0
SETZERO,119,1 0
SPMM,119,96,0 0
SPMM,119,99,0 0
SPMM,119,111,0 0
SPMM,119,133,0 0
SPMM,119,134,0 0
SPMM,119,143,0 0
SPMM,119,144,0 0
SPMM,119,90,0 0
SPMM,119,98,0 0
SPMM,119,112,0 0
SPMM,119,119,0 0
SPMM,119,125,0 0
SPMM,119,89,0 0
SPMM,119,91,0 0
SPMM,119,94,0 0
SPMM,119,120,0 0
SPMM,119,121,0 0
SPMM,119,124,0 0
SPMM,119,145,0 0
SPMM,119,95,0 0
SPMM,119,110,0 0
SPMM,119,113,0 0
SPMM,119,118,0 0
XTY,119,7,21 0
XY,97,20 0
DLACPY,97,21 0
SPMM,56,97,0 0
SPMM,58,97,0 0
SPMM,123,97,0 0
SPMM,94,97,0 0
SPMM,94,50,0 0
SPMM,94,55,0 0
SPMM,94,94,0 0
SPMM,94,95,0 0
SPMM,94,96,0 0
SPMM,94,124,0 0
SPMM,137,139,0 0
SETZERO,96,1 0
SPMM,96,55,0 0
SPMM,96,96,0 0
SPMM,96,97,0 0
SPMM,96,98,0 0
SPMM,96,99,0 0
SPMM,96,122,0 0
SPMM,96,123,0 0
SPMM,137,135,0 0
XY,52,20 0
DLACPY,52,21 0
SPMM,49,52,0 0
SPMM,51,52,0 0
SPMM,54,52,0 0
SPMM,56,52,0 0
SPMM,96,52,0 0
XTY,54,6,21 0
XTY,35,3,21 0
XTY,174,14,21 0
XTY,2,2,21 0
XTY,49,1,21 0
XTY,28,12,21 0
XTY,68,4,21 0
XTY,166,6,21 0
XTY,8,8,21 0
SETZERO,50,1 0
SPMM,50,46,0 0
SPMM,50,48,0 0
SPMM,50,49,0 0
SPMM,50,50,0 0
SPMM,50,51,0 0
SPMM,50,52,0 0
SPMM,50,53,0 0
SPMM,50,54,0 0
SPMM,50,59,0 0
SPMM,50,77,0 0
SPMM,50,78,0 0
SPMM,50,90,0 0
SPMM,50,91,0 0
SPMM,50,92,0 0
SPMM,50,94,0 0
SPMM,50,47,0 0
SPMM,50,93,0 0
XTY,50,2,21 0
SPMM,57,95,0 0
SETZERO,52,1 0
SPMM,52,49,0 0
SPMM,52,50,0 0
SPMM,52,51,0 0
SPMM,52,52,0 0
SPMM,52,53,0 0
SPMM,52,54,0 0
SPMM,52,97,0 0
SPMM,52,90,0 0
SPMM,52,92,0 0
SPMM,52,94,0 0
SPMM,52,96,0 0
SPMM,91,52,0 0
SPMM,91,91,0 0
SPMM,91,93,0 0
SPMM,91,94,0 0
SPMM,91,95,0 0
SPMM,27,11,0 0
SPMM,27,28,0 0
SPMM,115,115,0 0
SPMM,92,52,0 0
XTY,59,11,21 0
SPMM,92,48,0 0
SPMM,92,50,0 0
SPMM,92,59,0 0
SPMM,92,93,0 0
SPMM,92,122,0 0
XTY,92,12,21 0
SPMM,3,12,0 0
SPMM,107,128,0 0
SPMM,107,104,0 0
SETZERO,93,1 0
SPMM,93,52,0 0
SPMM,93,55,0 0
SPMM,93,96,0 0
SPMM,93,100,0 0
SPMM,93,94,0 0
SETZERO,124,1 0
SPMM,124,95,0 0
SPMM,124,146,0 0
SPMM,124,147,0 0
SPMM,124,119,0 0
SPMM,124,120,0 0
SPMM,124,123,0 0
SPMM,124,125,0 0
SPMM,124,133,0 0
SPMM,124,96,0 0
SPMM,124,97,0 0
SPMM,124,98,0 0
SPMM,124,124,0 0
SPMM,124,126,0 0
SPMM,124,134,0 0
SPMM,124,145,0 0
SPMM,124,94,0 0
SPMM,124,99,0 0
SPMM,124,121,0 0
SPMM,124,148,0 0
XTY,124,12,21 0
SPMM,96,93,0 0
SPMM,96,94,0 0
SPMM,96,119,0 0
SPMM,96,120,0 0
SPMM,96,53,0 0
SPMM,96,124,0 0
SPMM,137,134,0 0
XY,56,20 0
DLACPY,56,21 0
SPMM,56,56,0 0
SPMM,58,56,0 0
SPMM,96,56,0 0
SPMM,96,57,0 0
SPMM,96,58,0 0
SPMM,96,95,0 0
SPMM,96,121,0 0
XTY,96,0,21 0
XTY,58,10,21 0
XTY,137,9,21 0
XTY,164,4,21 0
XTY,113,1,21 0
SPMM,52,56,0 0
SPMM,52,55,0 0
SPMM,52,91,0 0
SPMM,52,93,0 0
XTY,52,4,21 0
SETZERO,53,1 0
SPMM,53,50,0 0
SPMM,53,51,0 0
SPMM,53,52,0 0
SPMM,53,53,0 0
SPMM,53,54,0 0
SPMM,53,55,0 0
SPMM,53,56,0 0
SPMM,53,98,0 0
SPMM,53,57,0 0
SPMM,53,90,0 0
SPMM,53,91,0 0
SPMM,53,94,0 0
SPMM,53,93,0 0
SPMM,53,95,0 0
SPMM,53,96,0 0
SPMM,53,97,0 0
XTY,53,5,21 0
SETZERO,55,1 0
SPMM,55,52,0 0
SPMM,55,53,0 0
SPMM,55,55,0 0
SPMM,55,56,0 0
SPMM,55,58,0 0
SPMM,55,93,0 0
SPMM,55,94,0 0
SPMM,55,95,0 0
SPMM,55,98,0 0
SPMM,55,54,0 0
SPMM,51,54,0 0
SPMM,91,54,0 0
SPMM,91,47,0 0
SPMM,91,53,0 0
SPMM,91,64,0 0
SPMM,91,100,0 0
SPMM,84,34,0 0
SPMM,91,48,0 0
SPMM,91,49,0 0
SPMM,91,50,0 0
SPMM,91,51,0 0
SPMM,91,59,0 0
SPMM,91,63,0 0
SPMM,91,121,0 0
SPMM,91,122,0 0
XTY,91,11,21 0
SPMM,38,86,0 0
SPMM,42,86,0 0
XTY,42,10,21 0
SPMM,84,86,0 0
XTY,84,4,21 0
SPMM,38,87,0 0
SPMM,38,40,0 0
XTY,38,6,21 0
SPMM,55,57,0 0
SPMM,55,96,0 0
SPMM,55,97,0 0
SPMM,3,5,0 0
SPMM,21,7,0 0
SPMM,18,62,0 0
SPMM,18,16,0 0
XTY,55,7,21 0
XTY,25,9,21 0
XTY,132,4,21 0
XTY,169,9,21 0
XTY,21,5,21 0
XTY,47,15,21 0
XTY,44,12,21 0
XTY,9,9,21 0
XTY,18,2,21 0
SPMM,146,124,0 0
SPMM,146,148,0 0
SPMM,146,154,0 0
SPMM,146,135,0 0
SPMM,146,136,0 0
SPMM,146,145,0 0
SPMM,146,147,0 0
XTY,146,2,21 0
XTY,3,3,21 0
SPMM,87,38,0 0
XTY,179,3,21 0
XTY,118,6,21 0
SPMM,57,56,0 0
SPMM,57,97,0 0
SPMM,57,96,0 0
XTY,57,9,21 0
XTY,51,3,21 0
XTY,88,8,21 0
XTY,170,10,21 0
SPMM,93,56,0 0
SPMM,93,53,0 0
SPMM,93,91,0 0
SPMM,93,93,0 0
SPMM,93,121,0 0
SPMM,93,122,0 0
SPMM,93,123,0 0
SPMM,93,49,0 0
SPMM,93,50,0 0
SPMM,93,92,0 0
SPMM,93,97,0 0
XTY,93,13,21 0
SPMM,94,56,0 0
SPMM,94,52,0 0
SPMM,94,57,0 0
SPMM,94,93,0 0
SPMM,94,98,0 0
SPMM,94,53,0 0
SPMM,94,54,0 0
SPMM,94,90,0 0
SPMM,94,91,0 0
XTY,94,14,21 0
SETZERO,97,1 0
SPMM,97,52,0 0
SPMM,97,53,0 0
SPMM,97,55,0 0
SPMM,97,56,0 0
SPMM,97,57,0 0
SPMM,97,58,0 0
SPMM,97,93,0 0
SPMM,97,124,0 0
SPMM,97,94,0 0
SPMM,97,96,0 0
SPMM,97,97,0 0
SPMM,97,98,0 0
SPMM,97,99,0 0
SPMM,97,121,0 0
SPMM,97,122,0 0
SPMM,97,123,0 0
XTY,97,1,21 0
SPMM,98,56,0 0
SPMM,98,54,0 0
SPMM,98,58,0 0
SPMM,98,94,0 0
SPMM,98,98,0 0
SPMM,98,124,0 0
SPMM,98,125,0 0
SPMM,27,10,0 0
SPMM,98,97,0 0
SPMM,98,55,0 0
SPMM,98,57,0 0
XTY,98,2,21 0
SPMM,90,116,0 0
SPMM,90,52,0 0
SPMM,90,77,0 0
SPMM,90,78,0 0
SPMM,90,88,0 0
XTY,90,10,21 0
XTY,27,11,21 0
XTY,107,11,21 0
XTY,106,10,21 0
XTY,48,0,21 0
XTY,24,8,21 0
XTY,56,8,21 0
XTY,67,3,21 0
XTY,46,14,21 0
XTY,165,5,21 0
XTY,139,11,21 0
SPMM,99,97,0 0
SPMM,99,57,0 0
SPMM,99,94,0 0
SPMM,99,95,0 0
XTY,99,3,21 0
SPMM,121,97,0 0
SPMM,121,96,0 0
SPMM,121,93,0 0
SPMM,121,94,0 0
SPMM,121,91,0 0
SPMM,121,92,0 0
SPMM,121,146,0 0
XTY,121,9,21 0
SETZERO,122,1 0
SPMM,122,91,0 0
SPMM,122,92,0 0
SPMM,122,93,0 0
SPMM,122,94,0 0
SPMM,122,96,0 0
SPMM,122,97,0 0
SPMM,122,100,0 0
SPMM,122,101,0 0
SPMM,122,102,0 0
SPMM,122,103,0 0
SPMM,122,121,0 0
SPMM,122,122,0 0
SPMM,122,123,0 0
SPMM,122,126,0 0
SPMM,122,127,0 0
SPMM,122,146,0 0
SPMM,122,145,0 0
XTY,122,10,21 0
SPMM,81,80,0 0
SPMM,81,110,0 0
SPMM,81,85,0 0
XTY,81,1,21 0
SPMM,87,85,0 0
SPMM,37,40,0 0
XTY,87,7,21 0
XTY,153,9,21 0
XTY,158,14,21 0
XTY,141,13,21 0
XTY,115,3,21 0
SPMM,39,86,0 0
XTY,39,7,21 0
SPMM,37,87,0 0
XTY,37,5,21 0
SPMM,123,146,0 0
SETZERO,125,1 0
SPMM,125,98,0 0
SPMM,125,99,0 0
SPMM,125,119,0 0
SPMM,125,120,0 0
SPMM,125,121,0 0
SPMM,125,123,0 0
SPMM,125,148,0 0
SPMM,125,124,0 0
SPMM,125,125,0 0
SPMM,125,146,0 0
SPMM,125,147,0 0
SPMM,125,126,0 0
SPMM,125,133,0 0
SPMM,125,134,0 0
SPMM,125,145,0 0
XTY,125,13,21 0
SPMM,123,94,0 0
SPMM,123,98,0 0
XTY,123,11,21 0
XTY,177,1,21 0
XTY,175,15,21 0
XTY,172,12,21 0
XTY,11,11,21 0
RED,XAXBUF,0 0
SPEUPDATE,XAX 0
EIGEN 0
XY,69,21 0
DLACPY,69,22 0
XY,154,21 0
DLACPY,154,22 0
XY,71,21 0
DLACPY,71,22 0
XY,132,21 0
DLACPY,132,22 0
XY,145,21 0
DLACPY,145,22 0
XY,149,21 0
DLACPY,149,22 0
XY,27,21 0
DLACPY,27,22 0
XY,28,21 0
DLACPY,28,22 0
XY,30,21 0
DLACPY,30,22 0
XY,74,21 0
DLACPY,74,22 0
XY,152,21 0
DLACPY,152,22 0
XY,165,21 0
DLACPY,165,22 0
XY,37,22 0
DLACPY,37,23 0
XY,39,22 0
DLACPY,39,23 0
XY,40,22 0
DLACPY,40,23 0
XY,16,21 0
DLACPY,16,22 0
XY,57,21 0
DLACPY,57,22 0
XY,117,21 0
DLACPY,117,22 0
XY,120,21 0
DLACPY,120,22 0
XY,123,21 0
DLACPY,123,22 0
XY,137,21 0
DLACPY,137,22 0
XY,32,22 0
DLACPY,32,23 0
XY,33,22 0
DLACPY,33,23 0
XY,67,22 0
DLACPY,67,23 0
XY,67,21 0
DLACPY,67,22 0
XY,153,21 0
DLACPY,153,22 0
XY,155,21 0
DLACPY,155,22 0
XY,156,21 0
DLACPY,156,22 0
XY,36,22 0
DLACPY,36,23 0
XY,42,22 0
DLACPY,42,23 0
XY,85,22 0
DLACPY,85,23 0
XY,86,22 0
DLACPY,86,23 0
XY,4,21 0
DLACPY,4,22 0
XY,6,21 0
DLACPY,6,22 0
XY,56,21 0
DLACPY,56,22 0
XY,59,21 0
DLACPY,59,22 0
XY,138,21 0
DLACPY,138,22 0
XY,31,22 0
DLACPY,31,23 0
XY,58,22 0
DLACPY,58,23 0
XY,66,22 0
DLACPY,66,23 0
XY,94,22 0
DLACPY,94,23 0
XY,62,21 0
DLACPY,62,22 0
XY,126,21 0
DLACPY,126,22 0
XY,131,21 0
DLACPY,131,22 0
XY,27,22 0
DLACPY,27,23 0
XY,28,22 0
DLACPY,28,23 0
XY,45,22 0
DLACPY,45,23 0
XY,54,22 0
DLACPY,54,23 0
XY,55,22 0
DLACPY,55,23 0
XY,98,22 0
DLACPY,98,23 0
XY,35,21 0
DLACPY,35,22 0
XY,37,21 0
DLACPY,37,22 0
XY,39,21 0
DLACPY,39,22 0
XY,43,21 0
DLACPY,43,22 0
XY,54,21 0
DLACPY,54,22 0
XY,109,21 0
DLACPY,109,22 0
XY,110,21 0
DLACPY,110,22 0
XY,24,22 0
DLACPY,24,23 0
XY,102,22 0
DLACPY,102,23 0
XY,104,21 0
DLACPY,104,22 0
XY,106,21 0
DLACPY,106,22 0
XY,181,21 0
DLACPY,181,22 0
XY,1,22 0
DLACPY,1,23 0
XY,2,22 0
DLACPY,2,23 0
XY,7,22 0
DLACPY,7,23 0
XY,25,22 0
DLACPY,25,23 0
XY,76,22 0
DLACPY,76,23 0
XY,106,22 0
DLACPY,106,23 0
XY,12,21 0
DLACPY,12,22 0
XY,73,21 0
DLACPY,73,22 0
XY,77,21 0
DLACPY,77,22 0
XY,79,21 0
DLACPY,79,22 0
XY,86,21 0
DLACPY,86,22 0
XY,35,22 0
DLACPY,35,23 0
XY,38,22 0
DLACPY,38,23 0
XY,41,22 0
DLACPY,41,23 0
XY,111,22 0
DLACPY,111,23 0
XY,13,21 0
DLACPY,13,22 0
XY,14,21 0
DLACPY,14,22 0
XY,26,21 0
DLACPY,26,22 0
XY,42,21 0
DLACPY,42,22 0
XY,85,21 0
DLACPY,85,22 0
XY,146,21 0
DLACPY,146,22 0
XY,148,21 0
DLACPY,148,22 0
XY,162,21 0
DLACPY,162,22 0
XY,112,22 0
DLACPY,112,23 0
XY,41,21 0
DLACPY,41,22 0
XY,72,21 0
DLACPY,72,22 0
XY,81,21 0
DLACPY,81,22 0
XY,87,21 0
DLACPY,87,22 0
XY,133,21 0
DLACPY,133,22 0
XY,151,21 0
DLACPY,151,22 0
XY,158,21 0
DLACPY,158,22 0
XY,160,21 0
DLACPY,160,22 0
XY,114,22 0
DLACPY,114,23 0
XY,15,21 0
DLACPY,15,22 0
XY,75,21 0
DLACPY,75,22 0
XY,142,21 0
DLACPY,142,22 0
XY,143,21 0
DLACPY,143,22 0
XY,144,21 0
DLACPY,144,22 0
XY,159,21 0
DLACPY,159,22 0
XY,115,22 0
DLACPY,115,23 0
XY,116,22 0
DLACPY,116,23 0
XY,40,21 0
DLACPY,40,22 0
XY,147,21 0
DLACPY,147,22 0
XY,163,21 0
DLACPY,163,22 0
XY,79,22 0
DLACPY,79,23 0
XY,87,22 0
DLACPY,87,23 0
XY,88,22 0
DLACPY,88,23 0
XY,89,22 0
DLACPY,89,23 0
XY,117,22 0
DLACPY,117,23 0
XY,119,22 0
DLACPY,119,23 0
XY,58,21 0
DLACPY,58,22 0
XY,116,21 0
DLACPY,116,22 0
XY,121,21 0
DLACPY,121,22 0
XY,16,22 0
DLACPY,16,23 0
XY,43,22 0
DLACPY,43,23 0
XY,57,22 0
DLACPY,57,23 0
XY,95,22 0
DLACPY,95,23 0
XY,96,22 0
DLACPY,96,23 0
XY,18,21 0
DLACPY,18,22 0
XY,93,21 0
DLACPY,93,22 0
XY,95,21 0
DLACPY,95,22 0
XY,118,21 0
DLACPY,118,22 0
XY,18,22 0
DLACPY,18,23 0
XY,64,22 0
DLACPY,64,23 0
XY,65,22 0
DLACPY,65,23 0
XY,122,22 0
DLACPY,122,23 0
XY,123,22 0
DLACPY,123,23 0
XY,1,21 0
DLACPY,1,22 0
XY,23,21 0
DLACPY,23,22 0
XY,66,21 0
DLACPY,66,22 0
XY,97,21 0
DLACPY,97,22 0
XY,100,21 0
DLACPY,100,22 0
XY,5,22 0
DLACPY,5,23 0
XY,6,22 0
DLACPY,6,23 0
XY,19,22 0
DLACPY,19,23 0
XY,125,22 0
DLACPY,125,23 0
XY,45,21 0
DLACPY,45,22 0
XY,51,21 0
DLACPY,51,22 0
XY,65,21 0
DLACPY,65,22 0
XY,82,21 0
DLACPY,82,22 0
XY,99,21 0
DLACPY,99,22 0
XY,166,21 0
DLACPY,166,22 0
XY,180,21 0
DLACPY,180,22 0
XY,90,22 0
DLACPY,90,23 0
XY,126,22 0
DLACPY,126,23 0
XY,44,21 0
DLACPY,44,22 0
XY,64,21 0
DLACPY,64,22 0
XY,98,21 0
DLACPY,98,22 0
XY,139,21 0
DLACPY,139,22 0
XY,140,21 0
DLACPY,140,22 0
XY,157,21 0
DLACPY,157,22 0
XY,174,21 0
DLACPY,174,22 0
XY,177,21 0
DLACPY,177,22 0
XY,127,22 0
DLACPY,127,23 0
XY,50,21 0
DLACPY,50,22 0
XY,78,21 0
DLACPY,78,22 0
XY,103,21 0
DLACPY,103,22 0
XY,164,21 0
DLACPY,164,22 0
XY,173,21 0
DLACPY,173,22 0
XY,178,21 0
DLACPY,178,22 0
XY,179,21 0
DLACPY,179,22 0
XY,22,22 0
DLACPY,22,23 0
XY,128,22 0
DLACPY,128,23 0
XY,0,21 0
DLACPY,0,22 0
XY,102,21 0
DLACPY,102,22 0
XY,141,21 0
DLACPY,141,22 0
XY,3,22 0
DLACPY,3,23 0
XY,4,22 0
DLACPY,4,23 0
XY,21,22 0
DLACPY,21,23 0
XY,91,22 0
DLACPY,91,23 0
XY,129,22 0
DLACPY,129,23 0
XY,29,21 0
DLACPY,29,22 0
XY,32,21 0
DLACPY,32,22 0
XY,49,21 0
DLACPY,49,22 0
XY,70,21 0
DLACPY,70,22 0
XY,167,21 0
DLACPY,167,22 0
XY,175,21 0
DLACPY,175,22 0
XY,93,22 0
DLACPY,93,23 0
XY,124,22 0
DLACPY,124,23 0
XY,131,22 0
DLACPY,131,23 0
XY,88,21 0
DLACPY,88,22 0
XY,127,21 0
DLACPY,127,22 0
XY,12,22 0
DLACPY,12,23 0
XY,14,22 0
DLACPY,14,23 0
XY,30,22 0
DLACPY,30,23 0
XY,46,22 0
DLACPY,46,23 0
XY,47,22 0
DLACPY,47,23 0
XY,62,22 0
DLACPY,62,23 0
XY,138,22 0
DLACPY,138,23 0
XY,89,21 0
DLACPY,89,22 0
XY,11,22 0
DLACPY,11,23 0
XY,13,22 0
DLACPY,13,23 0
XY,99,22 0
DLACPY,99,23 0
XY,133,22 0
DLACPY,133,23 0
XY,134,22 0
DLACPY,134,23 0
XY,135,22 0
DLACPY,135,23 0
XY,139,22 0
DLACPY,139,23 0
XY,10,21 0
DLACPY,10,22 0
XY,20,21 0
DLACPY,20,22 0
XY,25,21 0
DLACPY,25,22 0
XY,31,21 0
DLACPY,31,22 0
XY,76,21 0
DLACPY,76,22 0
XY,81,22 0
DLACPY,81,23 0
XY,82,22 0
DLACPY,82,23 0
XY,84,22 0
DLACPY,84,23 0
XY,145,22 0
DLACPY,145,23 0
XY,5,21 0
DLACPY,5,22 0
XY,7,21 0
DLACPY,7,22 0
XY,122,21 0
DLACPY,122,22 0
XY,15,22 0
DLACPY,15,23 0
XY,56,22 0
DLACPY,56,23 0
XY,59,22 0
DLACPY,59,23 0
XY,97,22 0
DLACPY,97,23 0
XY,118,22 0
DLACPY,118,23 0
XY,24,21 0
DLACPY,24,22 0
XY,68,21 0
DLACPY,68,22 0
XY,80,21 0
DLACPY,80,22 0
XY,134,21 0
DLACPY,134,22 0
XY,150,21 0
DLACPY,150,22 0
XY,161,21 0
DLACPY,161,22 0
XY,34,22 0
DLACPY,34,23 0
XY,78,22 0
DLACPY,78,23 0
XY,146,22 0
DLACPY,146,23 0
XY,22,21 0
DLACPY,22,22 0
XY,47,21 0
DLACPY,47,22 0
XY,96,21 0
DLACPY,96,22 0
XY,101,21 0
DLACPY,101,22 0
XY,168,21 0
DLACPY,168,22 0
XY,130,22 0
DLACPY,130,23 0
XY,144,22 0
DLACPY,144,23 0
XY,147,22 0
DLACPY,147,23 0
XY,148,22 0
DLACPY,148,23 0
XY,46,21 0
DLACPY,46,22 0
XY,48,21 0
DLACPY,48,22 0
XY,83,21 0
DLACPY,83,22 0
XY,84,21 0
DLACPY,84,22 0
XY,176,21 0
DLACPY,176,22 0
XY,20,22 0
DLACPY,20,23 0
XY,92,22 0
DLACPY,92,23 0
XY,149,22 0
DLACPY,149,23 0
XY,171,21 0
DLACPY,171,22 0
XY,172,21 0
DLACPY,172,22 0
XY,0,22 0
DLACPY,0,23 0
XY,8,22 0
DLACPY,8,23 0
XY,9,22 0
DLACPY,9,23 0
XY,104,22 0
DLACPY,104,23 0
XY,108,22 0
DLACPY,108,23 0
XY,154,22 0
DLACPY,154,23 0
XY,155,22 0
DLACPY,155,23 0
XY,107,21 0
DLACPY,107,22 0
XY,169,21 0
DLACPY,169,22 0
XY,170,21 0
DLACPY,170,22 0
XY,10,22 0
DLACPY,10,23 0
XY,26,22 0
DLACPY,26,23 0
XY,80,22 0
DLACPY,80,23 0
XY,83,22 0
DLACPY,83,23 0
XY,141,22 0
DLACPY,141,23 0
XY,156,22 0
DLACPY,156,23 0
XY,63,21 0
DLACPY,63,22 0
XY,125,21 0
DLACPY,125,22 0
XY,128,21 0
DLACPY,128,22 0
XY,49,22 0
DLACPY,49,23 0
XY,50,22 0
DLACPY,50,23 0
XY,60,22 0
DLACPY,60,23 0
XY,70,22 0
DLACPY,70,23 0
XY,136,22 0
DLACPY,136,23 0
XY,159,22 0
DLACPY,159,23 0
XY,61,21 0
DLACPY,61,22 0
XY,90,21 0
DLACPY,90,22 0
XY,91,21 0
DLACPY,91,22 0
XY,124,21 0
DLACPY,124,22 0
XY,68,22 0
DLACPY,68,23 0
XY,100,22 0
DLACPY,100,23 0
XY,158,22 0
DLACPY,158,23 0
XY,162,22 0
DLACPY,162,23 0
XY,163,22 0
DLACPY,163,23 0
XY,130,21 0
DLACPY,130,22 0
XY,29,22 0
DLACPY,29,23 0
XY,44,22 0
DLACPY,44,23 0
XY,63,22 0
DLACPY,63,23 0
XY,132,22 0
DLACPY,132,23 0
XY,160,22 0
DLACPY,160,23 0
XY,161,22 0
DLACPY,161,23 0
XY,164,22 0
DLACPY,164,23 0
XY,165,22 0
DLACPY,165,23 0
XY,2,21 0
DLACPY,2,22 0
XY,34,21 0
DLACPY,34,22 0
XY,52,21 0
DLACPY,52,22 0
XY,111,21 0
DLACPY,111,22 0
XY,23,22 0
DLACPY,23,23 0
XY,103,22 0
DLACPY,103,23 0
XY,153,22 0
DLACPY,153,23 0
XY,168,22 0
DLACPY,168,23 0
XY,169,22 0
DLACPY,169,23 0
XY,3,21 0
DLACPY,3,22 0
XY,55,21 0
DLACPY,55,22 0
XY,105,21 0
DLACPY,105,22 0
XY,108,21 0
DLACPY,108,22 0
XY,143,22 0
DLACPY,143,23 0
XY,150,22 0
DLACPY,150,23 0
XY,167,22 0
DLACPY,167,23 0
XY,170,22 0
DLACPY,170,23 0
XY,33,21 0
DLACPY,33,22 0
XY,36,21 0
DLACPY,36,22 0
XY,38,21 0
DLACPY,38,22 0
XY,53,21 0
DLACPY,53,22 0
XY,142,22 0
DLACPY,142,23 0
XY,151,22 0
DLACPY,151,23 0
XY,152,22 0
DLACPY,152,23 0
XY,166,22 0
DLACPY,166,23 0
XY,171,22 0
DLACPY,171,23 0
XY,77,22 0
DLACPY,77,23 0
XY,105,22 0
DLACPY,105,23 0
XY,107,22 0
DLACPY,107,23 0
XY,109,22 0
DLACPY,109,23 0
XY,140,22 0
DLACPY,140,23 0
XY,157,22 0
DLACPY,157,23 0
XY,172,22 0
DLACPY,172,23 0
XY,173,22 0
DLACPY,173,23 0
XY,92,21 0
DLACPY,92,22 0
XY,112,21 0
DLACPY,112,22 0
XY,115,21 0
DLACPY,115,22 0
XY,135,21 0
DLACPY,135,22 0
XY,74,22 0
DLACPY,74,23 0
XY,113,22 0
DLACPY,113,23 0
XY,121,22 0
DLACPY,121,23 0
XY,174,22 0
DLACPY,174,23 0
XY,17,21 0
DLACPY,17,22 0
XY,19,21 0
DLACPY,19,22 0
XY,21,21 0
DLACPY,21,22 0
XY,113,21 0
DLACPY,113,22 0
XY,119,21 0
DLACPY,119,22 0
XY,136,21 0
DLACPY,136,22 0
XY,72,22 0
DLACPY,72,23 0
XY,73,22 0
DLACPY,73,23 0
XY,175,22 0
DLACPY,175,23 0
XY,11,21 0
DLACPY,11,22 0
XY,94,21 0
DLACPY,94,22 0
XY,114,21 0
DLACPY,114,22 0
XY,17,22 0
DLACPY,17,23 0
XY,75,22 0
DLACPY,75,23 0
XY,110,22 0
DLACPY,110,23 0
XY,120,22 0
DLACPY,120,23 0
XY,176,22 0
DLACPY,176,23 0
XY,177,22 0
DLACPY,177,23 0
XY,8,21 0
DLACPY,8,22 0
XY,9,21 0
DLACPY,9,22 0
XY,129,21 0
DLACPY,129,22 0
XY,61,22 0
DLACPY,61,23 0
XY,69,22 0
DLACPY,69,23 0
XY,101,22 0
DLACPY,101,23 0
XY,178,22 0
DLACPY,178,23 0
XY,179,22 0
DLACPY,179,23 0
XY,180,22 0
DLACPY,180,23 0
XY,60,21 0
DLACPY,60,22 0
XY,48,22 0
DLACPY,48,23 0
XY,51,22 0
DLACPY,51,23 0
XY,52,22 0
DLACPY,52,23 0
XY,53,22 0
DLACPY,53,23 0
XY,71,22 0
DLACPY,71,23 0
XY,137,22 0
DLACPY,137,23 0
XY,181,22 0
DLACPY,181,23 0
