63
19,1,2,0,1,4,63
19,1,0,0,1,4,62
22,0,1,_X,-1,0,61
3,2,3,3,0,20,0,60
22,0,1,_X,-1,0,59
3,2,2,2,0,20,0,58
22,0,1,_X,-1,0,57
3,2,1,1,0,20,0,56
22,0,1,_X,-1,0,55
3,2,0,0,0,20,0,54
4,1,0,1,XBXBUF,-1,0,53
17,0,1,XBX,-1,1,52
7,1,0,0,20,1,51
18,0,1,XBX,-1,2,50
5,1,0,0,20,2,49
5,1,3,0,20,2,48
7,1,3,0,21,5,47
2,3,2,3,0,0,-1,5,46
2,3,0,3,0,0,-1,6,45
7,1,0,0,21,14,44
2,3,0,0,0,0,-1,15,43
5,1,1,0,20,3,42
5,1,2,0,20,3,41
7,1,2,0,21,10,40
2,3,0,2,0,0,-1,12,39
2,3,2,2,0,0,-1,11,38
7,1,1,0,21,7,37
2,3,2,1,0,0,-1,7,36
2,3,2,0,0,0,-1,27,35
3,2,2,2,0,21,27,34
2,3,0,1,0,0,-1,8,33
3,2,0,0,0,21,26,32
19,1,1,0,1,28,31
2,3,1,0,0,0,-1,28,30
2,3,1,1,0,0,-1,28,29
2,3,1,2,0,0,-1,28,28
2,3,1,3,0,0,-1,28,27
3,2,1,1,0,21,28,26
19,1,3,0,1,29,25
2,3,3,0,0,0,-1,29,24
2,3,3,1,0,0,-1,29,23
2,3,3,2,0,0,-1,29,22
2,3,3,3,0,0,-1,29,21
3,2,3,3,0,21,29,20
4,1,0,1,XAXBUF,-1,29,19
16,0,1,XAX,-1,29,18
21,0,1,EIGEN,-1,30,17
5,1,2,0,21,30,16
7,1,2,0,22,30,15
5,1,3,0,21,30,14
7,1,3,0,22,30,13
5,1,0,0,21,31,12
7,1,0,0,22,31,11
5,1,1,0,21,31,10
7,1,1,0,22,31,9
5,1,0,0,22,33,8
7,1,0,0,23,33,7
5,1,1,0,22,33,6
7,1,1,0,23,33,5
5,1,2,0,22,32,4
7,1,2,0,23,32,3
5,1,3,0,22,32,2
7,1,3,0,23,32,1
