215
5,1,3,0,20,15,215
3,2,2,2,0,20,15,214
22,0,1,_P,-1,15,213
1,0,1,RN,-1,2,212
5,1,2,0,20,2,211
5,1,0,0,20,2,210
7,1,0,0,20,2,209
3,2,1,1,0,20,2,208
22,0,1,_X,-1,2,207
22,0,1,_AX,-1,2,206
22,0,1,_X,-1,0,205
22,0,1,_X,-1,0,204
22,0,1,_X,-1,0,203
22,0,1,_lambda,-1,1,202
7,1,1,0,21,1,201
7,1,3,0,21,1,200
5,1,3,0,1,1,199
9,1,0,0,1,3,198
10,1,0,0,-1,3,197
11,2,0,0,0,-1,3,196
7,1,2,0,21,4,195
9,1,1,0,1,4,194
10,1,1,0,-1,4,193
11,2,1,1,0,-1,4,192
9,1,3,0,1,5,191
10,1,3,0,-1,5,190
11,2,3,3,0,-1,5,189
9,1,2,0,1,5,188
10,1,2,0,-1,5,187
11,2,2,2,0,-1,5,186
12,0,1,RNBUF,-1,5,185
13,0,1,RN,-1,6,184
1,0,1,actMask,-1,6,183
20,0,1,actMask,-1,6,182
14,1,0,0,1,6,181
3,2,2,2,0,21,6,180
4,1,0,1,XAXBUF,-1,6,179
16,0,1,XAX,-1,6,178
14,1,2,0,3,6,177
14,1,1,0,1,7,176
3,2,3,3,0,21,7,175
18,0,1,XBX,-1,13,174
14,1,2,0,2,13,173
3,2,2,2,0,3,13,172
14,1,1,0,2,16,171
3,2,1,1,0,3,16,170
14,1,3,0,2,16,169
3,2,3,3,0,3,16,168
14,1,0,0,2,17,167
3,2,0,0,0,3,17,166
21,0,1,CONSTRUCTGA,-1,17,165
17,0,1,PBP,-1,17,164
18,0,1,PBP,-1,17,163
5,1,0,0,4,17,162
5,1,2,0,4,17,161
3,2,0,0,0,21,8,160
3,2,3,3,0,1,8,159
3,2,3,3,0,20,8,158
14,1,1,0,3,8,157
5,1,1,0,5,20,156
7,1,1,0,3,20,155
8,1,1,0,3,20,154
7,1,0,0,2,20,153
5,1,2,0,5,20,152
7,1,2,0,3,20,151
8,1,2,0,3,20,150
7,1,2,0,2,21,149
3,2,2,2,0,6,21,148
3,2,2,2,0,8,21,147
3,2,2,2,0,9,21,146
3,2,1,1,0,21,9,145
5,1,2,0,21,9,144
5,1,3,0,21,9,143
7,1,3,0,22,10,142
7,1,0,0,23,10,141
7,1,2,0,22,10,140
5,1,3,0,22,10,139
5,1,0,0,21,12,138
7,1,0,0,22,12,137
5,1,1,0,22,12,136
5,1,1,0,21,11,135
7,1,1,0,22,11,134
5,1,2,0,22,11,133
5,1,0,0,22,25,132
7,1,1,0,23,25,131
7,1,2,0,23,26,130
7,1,3,0,23,26,129
5,1,2,0,3,26,128
5,1,3,0,3,26,127
7,1,3,0,1,27,126
19,1,2,0,1,27,125
19,1,1,0,1,27,124
19,1,0,0,1,27,123
7,1,2,0,1,43,122
2,3,2,2,0,0,-1,43,121
2,3,0,2,0,0,-1,49,120
2,3,1,2,0,0,-1,44,119
8,1,2,0,1,46,118
3,2,2,2,0,4,46,117
3,2,2,2,0,10,46,116
2,3,1,3,0,0,-1,28,115
2,3,2,3,0,0,-1,28,114
8,1,3,0,1,45,113
2,3,0,3,0,0,-1,29,112
3,2,3,3,0,4,29,111
7,1,0,0,1,30,110
2,3,0,0,0,0,-1,31,109
2,3,1,0,0,0,-1,40,108
2,3,2,0,0,0,-1,48,107
5,1,1,0,3,48,106
19,1,3,0,1,47,105
2,3,3,0,0,0,-1,47,104
2,3,3,2,0,0,-1,47,103
2,3,3,3,0,0,-1,47,102
8,1,0,0,1,42,101
3,2,0,0,0,4,42,100
3,2,0,0,0,10,42,99
7,1,0,0,21,14,98
14,1,3,0,3,14,97
4,1,0,1,XBXBUF,-1,14,96
14,1,0,0,3,14,95
5,1,3,0,5,18,94
7,1,3,0,3,18,93
8,1,3,0,3,18,92
5,1,0,0,5,19,91
5,1,1,0,4,19,90
5,1,3,0,4,19,89
7,1,0,0,3,22,88
8,1,0,0,3,22,87
3,2,0,0,0,8,22,86
7,1,3,0,2,24,85
8,1,3,0,2,24,84
3,2,3,3,0,6,24,83
3,2,3,3,0,8,24,82
3,2,3,3,0,9,24,81
3,2,0,0,0,6,24,80
3,2,3,3,0,10,41,79
7,1,1,0,2,23,78
8,1,1,0,2,23,77
3,2,1,1,0,6,23,76
3,2,1,1,0,8,23,75
3,2,1,1,0,9,23,74
8,1,0,0,2,23,73
3,2,0,0,0,9,23,72
7,1,1,0,1,50,71
2,3,1,1,0,0,-1,50,70
3,2,1,1,0,5,50,69
3,2,1,1,0,7,50,68
8,1,1,0,1,50,67
3,2,1,1,0,4,50,66
3,2,1,1,0,10,50,65
2,3,0,1,0,0,-1,52,64
3,2,0,0,0,5,52,63
3,2,0,0,0,7,52,62
4,1,0,1,RBPBUF,-1,51,61
4,1,0,1,XARBUF,-1,51,60
2,3,2,1,0,0,-1,51,59
3,2,2,2,0,5,51,58
3,2,2,2,0,7,51,57
2,3,3,1,0,0,-1,53,56
3,2,3,3,0,5,54,55
4,1,0,1,RARBUF,-1,54,54
3,2,3,3,0,7,54,53
4,1,0,1,RAPBUF,-1,54,52
15,0,1,RAR,-1,55,51
16,0,1,RAR,-1,55,50
4,1,0,1,XBPBUF,-1,55,49
21,0,1,CONSTRUCTGB,-1,55,48
4,1,0,1,PAPBUF,-1,55,47
16,0,1,PAP,-1,55,46
4,1,0,1,XAPBUF,-1,55,45
21,0,1,CONSTRUCTGA1,-1,55,44
21,0,1,CONSTRUCTGA2,-1,55,43
21,0,1,EIGEN,-1,55,42
5,1,2,0,7,55,41
5,1,2,0,10,55,40
8,1,2,0,2,55,39
5,1,2,0,6,56,38
6,1,2,0,1,56,37
6,1,2,0,3,56,36
5,1,0,0,6,57,35
5,1,0,0,7,57,34
6,1,0,0,1,57,33
5,1,0,0,10,58,32
6,1,0,0,3,58,31
5,1,2,0,8,63,30
5,1,2,0,9,63,29
6,1,2,0,2,63,28
5,1,0,0,9,62,27
5,1,3,0,9,62,26
5,1,0,0,8,67,25
6,1,0,0,2,67,24
5,1,0,0,11,69,23
6,1,0,0,4,69,22
5,1,1,0,6,59,21
5,1,1,0,10,59,20
5,1,1,0,7,60,19
6,1,1,0,1,60,18
6,1,1,0,3,60,17
5,1,1,0,8,70,16
5,1,1,0,11,70,15
5,1,1,0,9,71,14
6,1,1,0,2,71,13
6,1,1,0,4,71,12
5,1,3,0,7,61,11
5,1,2,0,11,61,10
6,1,2,0,4,66,9
5,1,3,0,6,68,8
6,1,3,0,1,68,7
5,1,3,0,10,68,6
6,1,3,0,3,68,5
5,1,3,0,11,64,4
5,1,3,0,8,65,3
6,1,3,0,2,65,2
6,1,3,0,4,65,1
