512
0
17
35
52
70
88
105
122
140
157
175
183
192
201
218
227
245
254
263
272
289
307
315
332
341
350
359
369
379
387
395
403
412
421
430
447
464
472
490
495
512
529
547
555
574
584
592
601
610
629
636
645
653
663
673
682
691
699
717
726
734
741
749
758
767
772
776
780
799
803
810
820
829
838
847
856
864
869
876
884
894
903
912
922
927
936
940
945
955
964
980
988
993
1001
1010
1027
1036
1040
1045
1053
1057
1062
1071
1080
1099
1109
1117
1125
1129
1134
1144
1152
1156
1174
1184
1202
1210
1219
1227
1236
1241
1250
1258
1268
1275
1280
1285
1290
1297
1305
1313
1317
1322
1330
1349
1368
1378
1388
1392
1402
1410
1420
1424
1429
1438
1442
1447
1464
1473
1481
1490
1495
1500
1518
1525
1534
1538
1542
1550
1559
1564
1571
1576
1585
1602
1612
1620
1625
1633
1637
1644
1653
1660
1670
1678
1688
1696
1705
1714
1723
1731
1739
1748
1757
1762
1766
1771
1776
1786
1795
1802
1812
1821
1829
1834
1843
1851
1853
1872
1880
1898
1907
1914
1922
1926
1934
1951
1956
1960
1967
1976
1982
1989
1994
2001
2011
2019
2023
2028
2046
2051
2053
2057
2062
2071
2081
2085
2090
2098
2102
2107
2112
2117
2122
2132
2136
2143
2148
2153
2156
2162
2172
2179
2184
2194
2198
2206
2215
2220
2224
2229
2234
2253
2258
2261
2266
2270
2275
2282
2287
2295
2302
2307
2312
2316
2321
2326
2336
2344
2349
2356
2361
2366
2371
2376
2394
2398
2403
2421
2425
2432
2437
2442
2450
2458
2463
2468
2476
2480
2485
2490
2495
2512
2516
2521
2526
2544
2551
2556
2565
2568
2573
2578
2586
2593
2610
2620
2625
2633
2641
2649
2652
2662
2667
2676
2684
2688
2705
2710
2715
2723
2733
2743
2751
2759
2761
2766
2776
2785
2790
2800
2810
2818
2828
2845
2854
2863
2868
2886
2891
2896
2913
2922
2926
2931
2934
2939
2947
2951
2956
2964
2967
2977
2984
2989
2994
2999
3004
3013
3018
3025
3030
3034
3041
3046
3050
3059
3076
3081
3086
3091
3098
3107
3112
3120
3124
3129
3146
3154
3156
3174
3178
3182
3191
3196
3201
3219
3224
3231
3236
3254
3258
3262
3267
3272
3279
3284
3291
3296
3306
3310
3315
3325
3332
3350
3359
3364
3371
3376
3381
3388
3397
3405
3409
3414
3430
3434
3442
3446
3454
3462
3470
3475
3480
3487
3492
3496
3504
3509
3513
3518
3527
3531
3536
3546
3554
3563
3571
3578
3582
3586
3590
3595
3599
3602
3606
3613
3618
3623
3628
3637
3646
3654
3659
3664
3669
3674
3679
3687
3704
3708
3712
3716
3721
3730
3734
3739
3742
3747
3752
3761
3779
3797
3813
3831
3849
3867
3885
3903
3921
3939
3955
3972
3989
4007
4025
4043
4061
4079
4095
4113
4131
4147
4164
4181
4199
4217
4233
4251
4269
4287
4305
4323
4341
4357
4375
4391
4407
4425
4443
4461
