710
0
27
51
77
105
133
159
187
214
240
268
292
317
345
371
399
423
449
477
503
531
556
582
608
632
660
686
714
740
768
792
818
846
873
898
924
952
980
1006
1034
1060
1088
1102
1115
1129
1142
1145
1158
1171
1185
1189
1202
1206
1209
1212
1225
1228
1231
1235
1248
1251
1255
1259
1262
1275
1278
1282
1286
1290
1304
1311
1315
1318
1324
1328
1331
1335
1341
1354
1358
1361
1367
1370
1376
1380
1394
1400
1406
1409
1416
1423
1426
1432
1436
1443
1446
1452
1456
1460
1464
1478
1491
1504
1517
1530
1543
1549
1562
1568
1582
1589
1595
1609
1616
1629
1636
1649
1656
1670
1684
1691
1697
1710
1717
1725
1731
1738
1745
1758
1765
1772
1778
1784
1797
1811
1824
1830
1843
1850
1863
1870
1878
1885
1893
1900
1913
1920
1926
1933
1940
1947
1953
1960
1973
1980
1993
1999
2013
2027
2055
2083
2111
2124
2150
2163
2169
2197
2211
2217
2224
2228
2232
2239
2246
2251
2265
2272
2286
2299
2303
2310
2336
2362
2366
2380
2394
2419
2426
2432
2437
2444
2456
2459
2472
2485
2498
2506
2509
2516
2542
2556
2562
2569
2595
2598
2611
2625
2639
2646
2654
2661
2688
2696
2709
2716
2729
2743
2749
2757
2771
2784
2787
2790
2796
2804
2810
2824
2828
2833
2837
2863
2871
2884
2887
2891
2897
2911
2914
2917
2921
2935
2947
2951
2954
2968
2974
2978
2982
2990
2995
3003
3007
3014
3027
3033
3036
3040
3053
3057
3071
3084
3098
3112
3125
3138
3142
3156
3163
3177
3184
3190
3218
3246
3258
3272
3276
3289
3296
3310
3318
3321
3335
3339
3347
3352
3360
3364
3370
3384
3389
3397
3402
3415
3418
3431
3435
3440
3444
3450
3464
3477
3481
3485
3489
3496
3503
3507
3511
3515
3528
3533
3537
3541
3544
3550
3556
3570
3576
3584
3592
3596
3600
3603
3607
3615
3619
3625
3629
3643
3656
3659
3663
3667
3671
3683
3697
3703
3731
3756
3770
3784
3787
3793
3797
3801
3815
3828
3833
3837
3841
3854
3867
3870
3884
3898
3912
3925
3938
3952
3966
3978
3992
4000
4014
4022
4024
4029
4037
4051
4065
4070
4082
4088
4092
4106
4113
4117
4122
4126
4133
4140
4154
4167
4175
4181
4194
4198
4201
4207
4221
4227
4231
4235
4249
4254
4262
4267
4270
4276
4288
4293
4301
4305
4309
4313
4317
4321
4325
4339
4342
4348
4352
4366
4380
4384
4389
4393
4405
4411
4418
4431
4443
4448
4452
4466
4472
4478
4492
4496
4502
4506
4520
4524
4530
4536
4548
4554
4561
4575
4581
4584
4590
4604
4611
4613
4619
4623
4627
4640
4644
4652
4666
4670
4675
4679
4683
4689
4693
4706
4712
4720
4726
4730
4735
4743
4749
4752
4757
4765
4769
4783
4786
4794
4808
4815
4821
4826
4830
4844
4850
4856
4869
4873
4878
4891
4899
4912
4925
4930
4934
4938
4945
4953
4960
4967
4971
4976
4984
4988
5001
5006
5014
5020
5024
5030
5034
5037
5040
5043
5046
5053
5057
5062
5066
5069
5072
5076
5079
5082
5096
5101
5105
5110
5114
5120
5126
5140
5144
5149
5153
5161
5165
5169
5175
5182
5188
5194
5207
5214
5218
5224
5230
5236
5242
5246
5253
5259
5262
5270
5273
5276
5278
5286
5292
5299
5302
5306
5312
5320
5333
5338
5344
5348
5352
5355
5361
5365
5379
5384
5392
5404
5408
5412
5416
5420
5425
5429
5433
5437
5442
5450
5455
5463
5475
5481
5495
5501
5505
5513
5526
5530
5535
5543
5556
5562
5566
5570
5575
5581
5584
5588
5592
5596
5609
5615
5629
5632
5636
5642
5650
5663
5667
5672
5676
5681
5689
5691
5699
5707
5721
5727
5735
5738
5742
5748
5751
5755
5759
5767
5780
5794
5807
5821
5833
5846
5860
5873
5887
5900
5914
5927
5941
5953
5966
5980
5993
6007
6020
6034
6047
6061
6074
6088
6101
6115
6128
6142
6155
6169
6182
6196
6209
6223
6235
6248
6262
6276
6289
6303
6317
6331
6344
6358
6371
6385
6397
6410
6424
6437
6451
6464
6478
6491
6505
6518
6532
6545
6559
6572
6586
6598
6611
6625
6638
6652
6665
6679
6692
6706
6719
6733
6745
6758
6772
6785
6799
6812
6826
6839
