713
22,0,1,_X,-1,0,713
22,0,1,_AX,-1,0,712
22,0,1,_X,-1,0,711
22,0,1,_AX,-1,0,710
22,0,1,_X,-1,0,709
22,0,1,_AX,-1,0,708
22,0,1,_X,-1,0,707
22,0,1,_X,-1,0,706
22,0,1,_lambda,-1,0,705
5,1,3,0,1,0,704
5,1,5,0,1,0,703
9,1,5,0,1,0,702
10,1,5,0,-1,0,701
11,2,5,5,0,-1,0,700
5,1,8,0,1,0,699
9,1,8,0,1,0,698
10,1,8,0,-1,0,697
11,2,8,8,0,-1,0,696
5,1,9,0,1,0,695
9,1,9,0,1,0,694
10,1,9,0,-1,0,693
11,2,9,9,0,-1,0,692
5,1,12,0,1,0,691
22,0,1,_AX,-1,1,690
9,1,12,0,1,1,689
10,1,12,0,-1,1,688
11,2,12,12,0,-1,1,687
22,0,1,_AX,-1,1,686
22,0,1,_X,-1,1,685
5,1,11,0,1,1,684
9,1,11,0,1,1,683
10,1,11,0,-1,1,682
22,0,1,_AX,-1,1,681
22,0,1,_X,-1,1,680
5,1,10,0,1,1,679
9,1,10,0,1,1,678
10,1,10,0,-1,1,677
22,0,1,_AX,-1,1,676
22,0,1,_X,-1,1,675
5,1,6,0,1,1,674
9,1,6,0,1,1,673
10,1,6,0,-1,1,672
22,0,1,_AX,-1,1,671
9,1,3,0,1,1,670
10,1,3,0,-1,1,669
11,2,3,3,0,-1,1,668
11,2,6,6,0,-1,2,667
11,2,10,10,0,-1,2,666
11,2,11,11,0,-1,2,665
1,0,1,RN,-1,2,664
22,0,1,_AX,-1,2,663
22,0,1,_X,-1,2,662
5,1,7,0,1,2,661
9,1,7,0,1,2,660
10,1,7,0,-1,2,659
11,2,7,7,0,-1,2,658
22,0,1,_AX,-1,2,657
22,0,1,_X,-1,2,656
5,1,4,0,1,2,655
9,1,4,0,1,2,654
10,1,4,0,-1,2,653
11,2,4,4,0,-1,2,652
22,0,1,_AX,-1,2,651
22,0,1,_X,-1,2,650
5,1,2,0,1,2,649
9,1,2,0,1,2,648
10,1,2,0,-1,2,647
11,2,2,2,0,-1,2,646
22,0,1,_AX,-1,2,645
22,0,1,_X,-1,2,644
5,1,1,0,1,2,643
9,1,1,0,1,2,642
10,1,1,0,-1,2,641
11,2,1,1,0,-1,2,640
22,0,1,_AX,-1,2,639
22,0,1,_X,-1,2,638
5,1,0,0,1,2,637
9,1,0,0,1,2,636
10,1,0,0,-1,2,635
11,2,0,0,0,-1,2,634
12,0,1,RNBUF,-1,2,633
13,0,1,RN,-1,2,632
1,0,1,actMask,-1,2,631
20,0,1,actMask,-1,2,630
14,1,0,0,1,2,629
3,2,0,0,0,1,2,628
14,1,2,0,1,2,627
3,2,2,2,0,1,2,626
14,1,4,0,1,2,625
3,2,4,4,0,1,2,624
14,1,1,0,1,3,623
3,2,1,1,0,1,3,622
14,1,3,0,1,3,621
3,2,3,3,0,1,3,620
14,1,8,0,1,3,619
3,2,8,8,0,1,3,618
14,1,10,0,1,3,617
3,2,10,10,0,1,3,616
14,1,11,0,1,3,615
3,2,11,11,0,1,3,614
22,0,1,_P,-1,3,613
14,1,12,0,2,3,612
3,2,12,12,0,3,3,611
22,0,1,_P,-1,3,610
14,1,10,0,2,3,609
3,2,10,10,0,3,3,608
22,0,1,_P,-1,3,607
14,1,9,0,2,3,606
3,2,9,9,0,3,3,605
22,0,1,_P,-1,3,604
14,1,5,0,1,4,603
3,2,5,5,0,1,4,602
14,1,6,0,1,4,601
3,2,6,6,0,1,4,600
14,1,7,0,1,4,599
3,2,7,7,0,1,4,598
14,1,9,0,1,4,597
3,2,9,9,0,1,4,596
14,1,12,0,1,4,595
3,2,12,12,0,1,4,594
4,1,0,1,temp2BUF,-1,4,593
5,1,0,0,2,4,592
5,1,6,0,2,4,591
9,1,6,0,2,4,590
3,2,6,6,0,2,4,589
5,1,7,0,2,4,588
9,1,7,0,2,4,587
3,2,7,7,0,2,4,586
5,1,11,0,2,4,585
5,1,12,0,2,4,584
9,1,12,0,2,4,583
3,2,12,12,0,2,4,582
9,1,11,0,2,5,581
3,2,11,11,0,2,5,580
5,1,2,0,2,5,579
9,1,2,0,2,5,578
3,2,2,2,0,2,5,577
5,1,3,0,2,5,576
9,1,3,0,2,5,575
3,2,3,3,0,2,5,574
5,1,4,0,2,5,573
9,1,4,0,2,5,572
3,2,4,4,0,2,5,571
5,1,5,0,2,5,570
9,1,5,0,2,5,569
3,2,5,5,0,2,5,568
5,1,8,0,2,5,567
9,1,8,0,2,5,566
3,2,8,8,0,2,5,565
5,1,9,0,2,5,564
9,1,9,0,2,5,563
3,2,9,9,0,2,5,562
5,1,10,0,2,5,561
9,1,10,0,2,5,560
3,2,10,10,0,2,5,559
9,1,0,0,2,6,558
3,2,0,0,0,2,6,557
5,1,1,0,2,6,556
9,1,1,0,2,6,555
3,2,1,1,0,2,6,554
4,1,0,1,RBRBUF,-1,6,553
17,0,1,RBR,-1,6,552
18,0,1,RBR,-1,6,551
5,1,0,0,3,6,550
5,1,1,0,3,6,549
5,1,2,0,3,6,548
7,1,2,0,1,6,547
3,2,2,2,0,4,6,546
5,1,3,0,3,6,545
5,1,4,0,3,6,544
5,1,5,0,3,6,543
5,1,6,0,3,6,542
5,1,7,0,3,6,541
5,1,8,0,3,6,540
5,1,9,0,3,6,539
5,1,10,0,3,6,538
5,1,11,0,3,6,537
5,1,12,0,3,6,536
14,1,0,0,2,7,535
3,2,0,0,0,3,7,534
22,0,1,_P,-1,7,533
14,1,11,0,2,7,532
3,2,11,11,0,3,7,531
22,0,1,_P,-1,7,530
14,1,8,0,2,7,529
3,2,8,8,0,3,7,528
22,0,1,_P,-1,7,527
14,1,7,0,2,7,526
3,2,7,7,0,3,7,525
22,0,1,_P,-1,7,524
14,1,6,0,2,7,523
3,2,6,6,0,3,7,522
22,0,1,_P,-1,7,521
14,1,5,0,2,7,520
3,2,5,5,0,3,7,519
22,0,1,_P,-1,7,518
14,1,4,0,2,7,517
3,2,4,4,0,3,7,516
22,0,1,_P,-1,7,515
14,1,3,0,2,7,514
3,2,3,3,0,3,7,513
22,0,1,_P,-1,7,512
14,1,2,0,2,7,511
3,2,2,2,0,3,7,510
22,0,1,_P,-1,7,509
14,1,1,0,2,7,508
3,2,1,1,0,3,7,507
4,1,0,1,PBPBUF,-1,7,506
17,0,1,PBP,-1,7,505
18,0,1,PBP,-1,7,504
5,1,2,0,4,7,503
7,1,2,0,2,7,502
8,1,2,0,2,7,501
3,2,2,2,0,6,7,500
3,2,2,2,0,9,7,499
3,2,2,2,0,10,7,498
5,1,8,0,4,7,497
7,1,8,0,2,7,496
3,2,8,8,0,6,7,495
3,2,8,8,0,9,7,494
5,1,11,0,4,7,493
7,1,11,0,2,7,492
3,2,11,11,0,6,7,491
3,2,11,11,0,9,7,490
5,1,4,0,4,9,489
7,1,4,0,2,9,488
8,1,4,0,2,9,487
3,2,4,4,0,6,9,486
3,2,4,4,0,9,9,485
5,1,5,0,4,9,484
7,1,5,0,2,9,483
3,2,5,5,0,6,9,482
3,2,5,5,0,9,9,481
5,1,6,0,4,9,480
7,1,6,0,2,9,479
8,1,6,0,2,9,478
3,2,6,6,0,6,9,477
3,2,6,6,0,9,9,476
7,1,12,0,1,9,475
3,2,12,12,0,4,9,474
7,1,10,0,1,9,473
3,2,10,10,0,4,9,472
7,1,9,0,1,9,471
3,2,9,9,0,4,9,470
7,1,3,0,1,9,469
3,2,3,3,0,4,9,468
8,1,11,0,2,8,467
5,1,0,0,4,8,466
7,1,0,0,2,8,465
3,2,0,0,0,6,8,464
3,2,0,0,0,9,8,463
5,1,1,0,4,8,462
7,1,1,0,2,8,461
8,1,1,0,2,8,460
3,2,1,1,0,6,8,459
3,2,1,1,0,9,8,458
5,1,7,0,4,8,457
7,1,7,0,2,8,456
3,2,7,7,0,6,8,455
3,2,7,7,0,9,8,454
7,1,1,0,1,8,453
8,1,1,0,1,8,452
3,2,1,1,0,4,8,451
3,2,1,1,0,10,8,450
7,1,0,0,1,8,449
8,1,0,0,1,8,448
3,2,0,0,0,4,8,447
3,2,0,0,0,10,8,446
7,1,6,0,1,10,445
3,2,6,6,0,4,10,444
3,2,6,6,0,10,10,443
7,1,5,0,1,10,442
3,2,5,5,0,4,10,441
3,2,5,5,0,10,10,440
19,1,6,0,1,10,439
2,3,6,0,0,0,-1,10,438
2,3,6,5,0,0,-1,10,437
2,3,6,6,0,0,-1,10,436
2,3,6,9,0,0,-1,10,435
2,3,6,12,0,0,-1,10,434
19,1,5,0,1,10,433
2,3,5,1,0,0,-1,10,432
2,3,5,5,0,0,-1,10,431
2,3,5,6,0,0,-1,10,430
2,3,5,10,0,0,-1,10,429
2,3,5,12,0,0,-1,10,428
19,1,4,0,1,10,427
2,3,4,1,0,0,-1,10,426
2,3,4,5,0,0,-1,10,425
2,3,4,6,0,0,-1,10,424
2,3,4,12,0,0,-1,10,423
7,1,11,0,1,11,422
2,3,4,11,0,0,-1,11,421
2,3,5,11,0,0,-1,11,420
2,3,6,11,0,0,-1,11,419
3,2,11,11,0,4,11,418
3,2,11,11,0,10,11,417
7,1,8,0,1,11,416
2,3,4,8,0,0,-1,11,415
2,3,5,8,0,0,-1,11,414
2,3,6,8,0,0,-1,11,413
3,2,8,8,0,4,11,412
3,2,8,8,0,10,11,411
19,1,8,0,1,11,410
2,3,8,3,0,0,-1,11,409
2,3,8,5,0,0,-1,11,408
2,3,8,6,0,0,-1,11,407
2,3,8,8,0,0,-1,11,406
2,3,8,9,0,0,-1,11,405
2,3,8,11,0,0,-1,11,404
2,3,8,12,0,0,-1,11,403
7,1,7,0,1,12,402
2,3,5,7,0,0,-1,12,401
2,3,6,7,0,0,-1,12,400
2,3,8,7,0,0,-1,12,399
3,2,7,7,0,4,12,398
3,2,7,7,0,10,12,397
19,1,7,0,1,12,396
2,3,7,3,0,0,-1,12,395
2,3,7,5,0,0,-1,12,394
2,3,7,7,0,0,-1,12,393
2,3,7,10,0,0,-1,12,392
2,3,7,6,0,0,-1,13,391
2,3,7,8,0,0,-1,13,390
2,3,7,9,0,0,-1,13,389
2,3,7,11,0,0,-1,13,388
2,3,7,12,0,0,-1,13,387
7,1,4,0,1,13,386
2,3,4,4,0,0,-1,13,385
2,3,7,4,0,0,-1,13,384
3,2,7,7,0,5,13,383
3,2,7,7,0,7,13,382
3,2,4,4,0,4,13,381
3,2,4,4,0,10,13,380
5,1,9,0,4,16,379
7,1,9,0,2,16,378
8,1,9,0,2,16,377
3,2,9,9,0,6,16,376
3,2,9,9,0,9,16,375
3,2,9,9,0,10,16,374
19,1,1,0,1,16,373
2,3,1,0,0,0,-1,16,372
2,3,1,1,0,0,-1,16,371
2,3,1,2,0,0,-1,16,370
2,3,1,3,0,0,-1,16,369
2,3,1,4,0,0,-1,16,368
2,3,1,5,0,0,-1,16,367
2,3,1,6,0,0,-1,16,366
3,2,1,1,0,5,16,365
3,2,1,1,0,7,16,364
22,0,1,_AP,-1,16,363
14,1,9,0,3,16,362
5,1,9,0,5,16,361
7,1,9,0,3,16,360
8,1,9,0,3,16,359
3,2,9,9,0,8,16,358
5,1,3,0,4,15,357
7,1,3,0,2,15,356
8,1,3,0,2,15,355
3,2,3,3,0,6,15,354
5,1,10,0,4,15,353
7,1,10,0,2,15,352
3,2,10,10,0,6,15,351
3,2,10,10,0,9,15,350
3,2,10,10,0,10,15,349
5,1,12,0,4,15,348
7,1,12,0,2,15,347
8,1,12,0,2,15,346
3,2,12,12,0,6,15,345
3,2,12,12,0,10,15,344
19,1,12,0,1,15,343
2,3,12,3,0,0,-1,15,342
2,3,12,4,0,0,-1,15,341
2,3,12,5,0,0,-1,15,340
2,3,12,6,0,0,-1,15,339
2,3,12,7,0,0,-1,15,338
2,3,12,8,0,0,-1,15,337
2,3,12,9,0,0,-1,15,336
2,3,12,10,0,0,-1,15,335
2,3,12,11,0,0,-1,15,334
2,3,12,12,0,0,-1,15,333
3,2,12,12,0,5,15,332
3,2,12,12,0,7,15,331
19,1,10,0,1,15,330
2,3,10,3,0,0,-1,15,329
2,3,10,4,0,0,-1,15,328
2,3,10,5,0,0,-1,15,327
2,3,10,6,0,0,-1,15,326
2,3,10,7,0,0,-1,15,325
2,3,10,8,0,0,-1,15,324
2,3,10,9,0,0,-1,15,323
2,3,10,10,0,0,-1,15,322
2,3,10,11,0,0,-1,15,321
2,3,10,12,0,0,-1,15,320
3,2,10,10,0,5,15,319
3,2,10,10,0,7,15,318
22,0,1,_AP,-1,15,317
14,1,10,0,3,15,316
5,1,10,0,5,15,315
7,1,10,0,3,15,314
8,1,10,0,3,15,313
3,2,10,10,0,8,15,312
4,1,0,1,XAPBUF,-1,18,311
8,1,4,0,1,18,310
8,1,8,0,1,18,309
8,1,5,0,1,18,308
8,1,7,0,2,18,307
8,1,9,0,1,18,306
8,1,5,0,2,18,305
8,1,8,0,2,18,304
8,1,2,0,1,18,303
19,1,2,0,1,18,302
2,3,2,0,0,0,-1,18,301
2,3,2,1,0,0,-1,18,300
2,3,2,2,0,0,-1,18,299
2,3,2,3,0,0,-1,18,298
3,2,2,2,0,5,18,297
3,2,2,2,0,7,18,296
22,0,1,_AP,-1,18,295
14,1,7,0,3,18,294
5,1,7,0,5,18,293
7,1,7,0,3,18,292
8,1,7,0,3,18,291
3,2,7,7,0,8,18,290
3,2,12,12,0,9,17,289
8,1,10,0,2,17,288
3,2,3,3,0,10,17,287
19,1,11,0,1,17,286
2,3,11,3,0,0,-1,17,285
2,3,11,4,0,0,-1,17,284
2,3,11,5,0,0,-1,17,283
2,3,11,6,0,0,-1,17,282
2,3,11,7,0,0,-1,17,281
2,3,11,8,0,0,-1,17,280
2,3,11,9,0,0,-1,17,279
2,3,11,10,0,0,-1,17,278
2,3,11,11,0,0,-1,17,277
2,3,11,12,0,0,-1,17,276
3,2,11,11,0,5,17,275
3,2,11,11,0,7,17,274
22,0,1,_AP,-1,17,273
14,1,12,0,3,17,272
5,1,12,0,5,17,271
7,1,12,0,3,17,270
8,1,12,0,3,17,269
3,2,12,12,0,8,17,268
4,1,0,1,RBPBUF,-1,19,267
3,2,3,3,0,9,19,266
4,1,0,1,XBPBUF,-1,19,265
8,1,7,0,1,19,264
8,1,11,0,1,19,263
8,1,6,0,1,19,262
8,1,0,0,2,19,261
8,1,3,0,1,19,260
8,1,10,0,1,19,259
8,1,12,0,1,19,258
22,0,1,_AP,-1,19,257
14,1,11,0,3,19,256
5,1,11,0,5,19,255
7,1,11,0,3,19,254
8,1,11,0,3,19,253
3,2,11,11,0,8,19,252
22,0,1,_AP,-1,19,251
14,1,4,0,3,19,250
5,1,4,0,5,19,249
7,1,4,0,3,19,248
8,1,4,0,3,19,247
3,2,4,4,0,8,19,246
22,0,1,_AP,-1,20,245
14,1,8,0,3,20,244
5,1,8,0,5,20,243
7,1,8,0,3,20,242
8,1,8,0,3,20,241
3,2,8,8,0,8,20,240
22,0,1,_AP,-1,20,239
14,1,6,0,3,20,238
5,1,6,0,5,20,237
7,1,6,0,3,20,236
8,1,6,0,3,20,235
3,2,6,6,0,8,20,234
22,0,1,_AP,-1,20,233
14,1,5,0,3,20,232
5,1,5,0,5,20,231
7,1,5,0,3,20,230
8,1,5,0,3,20,229
3,2,5,5,0,8,20,228
22,0,1,_AP,-1,20,227
14,1,3,0,3,20,226
5,1,3,0,5,20,225
7,1,3,0,3,20,224
8,1,3,0,3,20,223
3,2,3,3,0,8,20,222
22,0,1,_AP,-1,20,221
14,1,2,0,3,20,220
5,1,2,0,5,20,219
7,1,2,0,3,20,218
8,1,2,0,3,20,217
3,2,2,2,0,8,20,216
22,0,1,_AP,-1,20,215
14,1,1,0,3,20,214
5,1,1,0,5,20,213
7,1,1,0,3,20,212
8,1,1,0,3,20,211
3,2,1,1,0,8,20,210
22,0,1,_AP,-1,20,209
14,1,0,0,3,20,208
5,1,0,0,5,20,207
7,1,0,0,3,20,206
8,1,0,0,3,20,205
3,2,0,0,0,8,20,204
4,1,0,1,PAPBUF,-1,20,203
16,0,1,PAP,-1,20,202
2,3,5,4,0,0,-1,14,201
2,3,6,4,0,0,-1,14,200
2,3,8,4,0,0,-1,14,199
2,3,4,7,0,0,-1,14,198
2,3,8,10,0,0,-1,14,197
3,2,8,8,0,5,14,196
3,2,8,8,0,7,14,195
2,3,4,0,0,0,-1,14,194
2,3,4,3,0,0,-1,14,193
2,3,4,9,0,0,-1,14,192
2,3,4,10,0,0,-1,14,191
3,2,4,4,0,5,14,190
3,2,4,4,0,7,14,189
2,3,5,0,0,0,-1,14,188
2,3,5,3,0,0,-1,14,187
2,3,5,9,0,0,-1,14,186
3,2,5,5,0,5,14,185
3,2,5,5,0,7,14,184
2,3,6,1,0,0,-1,14,183
2,3,6,3,0,0,-1,14,182
2,3,6,10,0,0,-1,14,181
3,2,6,6,0,5,14,180
3,2,6,6,0,7,14,179
19,1,9,0,1,21,178
2,3,9,3,0,0,-1,21,177
2,3,9,4,0,0,-1,21,176
2,3,9,5,0,0,-1,21,175
2,3,9,6,0,0,-1,21,174
2,3,9,7,0,0,-1,21,173
2,3,9,8,0,0,-1,21,172
2,3,9,9,0,0,-1,21,171
2,3,9,10,0,0,-1,21,170
2,3,9,11,0,0,-1,21,169
2,3,9,12,0,0,-1,21,168
3,2,9,9,0,5,21,167
3,2,9,9,0,7,21,166
19,1,3,0,1,21,165
2,3,3,0,0,0,-1,21,164
2,3,3,1,0,0,-1,21,163
2,3,3,2,0,0,-1,21,162
2,3,3,3,0,0,-1,21,161
2,3,3,4,0,0,-1,21,160
2,3,3,5,0,0,-1,21,159
2,3,3,6,0,0,-1,21,158
2,3,3,7,0,0,-1,21,157
2,3,3,8,0,0,-1,21,156
2,3,3,9,0,0,-1,21,155
2,3,3,10,0,0,-1,21,154
2,3,3,11,0,0,-1,21,153
2,3,3,12,0,0,-1,21,152
3,2,3,3,0,5,21,151
3,2,3,3,0,7,21,150
19,1,0,0,1,21,149
2,3,0,0,0,0,-1,21,148
2,3,0,1,0,0,-1,21,147
2,3,0,2,0,0,-1,21,146
2,3,0,3,0,0,-1,21,145
2,3,0,4,0,0,-1,21,144
2,3,0,5,0,0,-1,21,143
2,3,0,6,0,0,-1,21,142
3,2,0,0,0,5,21,141
4,1,0,1,RARBUF,-1,21,140
15,0,1,RAR,-1,21,139
16,0,1,RAR,-1,21,138
3,2,0,0,0,7,21,137
4,1,0,1,RAPBUF,-1,21,136
21,0,1,CONSTRUCTGB,-1,22,135
4,1,0,1,XARBUF,-1,22,134
21,0,1,CONSTRUCTGA1,-1,22,133
21,0,1,CONSTRUCTGA2,-1,22,132
21,0,1,EIGEN,-1,22,131
5,1,6,0,6,22,130
5,1,7,0,6,22,129
5,1,9,0,6,22,128
5,1,10,0,6,22,127
5,1,6,0,7,22,126
6,1,6,0,1,22,125
5,1,7,0,7,22,124
6,1,7,0,1,22,123
5,1,9,0,7,22,122
6,1,9,0,1,22,121
5,1,10,0,7,22,120
6,1,10,0,1,22,119
5,1,6,0,10,22,118
6,1,6,0,3,22,117
5,1,7,0,10,22,116
6,1,7,0,3,22,115
5,1,9,0,10,22,114
6,1,9,0,3,22,113
5,1,4,0,6,31,112
5,1,4,0,7,31,111
6,1,4,0,1,31,110
5,1,1,0,8,31,109
5,1,1,0,9,31,108
6,1,1,0,2,31,107
5,1,4,0,10,31,106
6,1,4,0,3,31,105
5,1,1,0,11,31,104
6,1,1,0,4,31,103
5,1,0,0,8,23,102
5,1,3,0,8,23,101
5,1,0,0,9,23,100
6,1,0,0,2,23,99
5,1,3,0,9,23,98
6,1,3,0,2,23,97
5,1,10,0,10,23,96
6,1,10,0,3,23,95
5,1,0,0,11,23,94
6,1,0,0,4,23,93
5,1,3,0,11,23,92
6,1,3,0,4,23,91
5,1,11,0,6,25,90
5,1,11,0,7,25,89
6,1,11,0,1,25,88
5,1,5,0,8,25,87
5,1,5,0,9,25,86
6,1,5,0,2,25,85
5,1,11,0,10,25,84
6,1,11,0,3,25,83
5,1,5,0,11,25,82
6,1,5,0,4,25,81
5,1,8,0,6,29,80
5,1,8,0,7,29,79
6,1,8,0,1,29,78
5,1,8,0,8,29,77
5,1,8,0,9,29,76
6,1,8,0,2,29,75
5,1,12,0,9,29,74
5,1,8,0,10,29,73
6,1,8,0,3,29,72
5,1,8,0,11,29,71
6,1,8,0,4,29,70
5,1,1,0,6,30,69
5,1,1,0,7,30,68
6,1,1,0,1,30,67
5,1,2,0,8,30,66
5,1,12,0,8,30,65
6,1,12,0,2,30,64
5,1,2,0,9,30,63
6,1,2,0,2,30,62
5,1,1,0,10,30,61
6,1,1,0,3,30,60
5,1,12,0,11,30,59
6,1,12,0,4,30,58
5,1,5,0,6,32,57
5,1,5,0,7,32,56
6,1,5,0,1,32,55
5,1,6,0,8,32,54
5,1,6,0,9,32,53
6,1,6,0,2,32,52
5,1,5,0,10,32,51
6,1,5,0,3,32,50
5,1,2,0,11,32,49
6,1,2,0,4,32,48
5,1,6,0,11,32,47
6,1,6,0,4,32,46
5,1,0,0,6,24,45
5,1,2,0,6,24,44
5,1,0,0,7,24,43
6,1,0,0,1,24,42
5,1,9,0,8,24,41
5,1,9,0,9,24,40
6,1,9,0,2,24,39
5,1,0,0,10,24,38
6,1,0,0,3,24,37
5,1,9,0,11,24,36
6,1,9,0,4,24,35
5,1,3,0,6,26,34
5,1,2,0,7,26,33
6,1,2,0,1,26,32
5,1,3,0,7,26,31
6,1,3,0,1,26,30
5,1,7,0,8,26,29
5,1,7,0,9,26,28
6,1,7,0,2,26,27
5,1,3,0,10,26,26
6,1,3,0,3,26,25
5,1,7,0,11,26,24
6,1,7,0,4,26,23
5,1,12,0,6,28,22
5,1,12,0,7,28,21
6,1,12,0,1,28,20
5,1,11,0,8,28,19
5,1,11,0,9,28,18
6,1,11,0,2,28,17
5,1,2,0,10,28,16
6,1,2,0,3,28,15
5,1,12,0,10,28,14
6,1,12,0,3,28,13
5,1,11,0,11,28,12
6,1,11,0,4,28,11
5,1,4,0,8,27,10
5,1,10,0,8,27,9
5,1,4,0,9,27,8
6,1,4,0,2,27,7
5,1,10,0,9,27,6
6,1,10,0,2,27,5
5,1,4,0,11,27,4
6,1,4,0,4,27,3
5,1,10,0,11,27,2
6,1,10,0,4,27,1
