1954
0
268
534
800
1066
1332
1598
1864
2130
2396
2531
2597
2664
2730
2797
2863
2929
2995
3061
3128
3194
3263
3334
3400
3467
3533
3597
3726
3797
3930
4063
4126
4260
4392
4527
4658
4793
4926
5059
5194
5327
5460
5594
5727
5861
5983
6118
6253
6386
6521
6656
6787
6920
7052
7186
7321
7452
7585
7716
7851
7983
8251
8385
8520
8653
8786
8921
9053
9186
9319
9453
9585
9718
9851
9984
10117
10251
10385
10517
10650
10782
10914
11047
11181
11313
11446
11578
11710
11845
11977
12245
12378
12511
12644
12912
13179
13314
13449
13582
13714
13849
13982
14115
14248
14516
14648
14780
14913
15046
15181
15313
15444
15577
15710
15842
15975
16110
16245
16380
16513
16644
16776
16910
17044
17179
17311
17446
17580
17713
17981
18115
18249
18383
18517
18649
18780
18913
19046
19179
19313
19447
19581
19713
19846
19979
20247
20380
20512
20646
20913
21047
21178
21313
21446
21581
21713
21846
21979
22112
22244
22377
22511
22643
22776
22908
23040
23175
23308
23443
23578
23713
23848
23983
24114
24247
24379
24511
24641
24776
24909
25044
25179
25445
25578
25713
25843
25977
26111
26244
26379
26511
26644
26776
26908
27041
27308
27441
27574
27706
27840
27969
28101
28233
28367
28501
28633
28768
28903
29037
29172
29307
29442
29575
29706
29840
29972
30237
30369
30502
30635
30767
30899
31032
31165
31298
31432
31567
31700
31835
31965
32098
32233
32359
32491
32625
32759
32891
33023
33158
33287
33421
33554
33686
33821
33951
34086
34220
34354
34488
34621
34755
34889
35023
35157
35290
35423
35556
35690
35824
35954
36086
36218
36350
36483
36615
36748
36883
37018
37150
37284
37417
37550
37683
37817
37951
38085
38218
38350
38485
38617
38752
38885
39017
39151
39284
39418
39551
39685
39818
39950
40083
40217
40350
40484
40617
40749
40883
41017
41148
41280
41415
41548
41682
41816
41948
42079
42214
42346
42479
42611
42742
42874
43005
43137
43265
43522
43651
43783
43917
44051
44185
44316
44448
44713
44847
44981
45114
45247
45380
45511
45640
45769
45904
46036
46171
46305
46439
46572
46704
46836
46968
47102
47234
47368
47502
47633
47766
47898
48030
48162
48294
48427
48559
48689
48824
48955
49221
49355
49622
49889
50021
50154
50283
50415
50542
50672
50805
50939
51073
51206
51341
51476
51609
51743
51875
52010
52141
52271
52406
52539
52671
52804
52937
53070
53204
53337
53471
53605
53739
53873
54004
54266
54397
54528
54660
54794
54927
55060
55327
55459
55592
55724
55857
55991
56125
56258
56390
56523
56656
56790
56923
57057
57190
57323
57457
57591
57724
57856
57987
58121
58255
58387
58520
58653
58786
58917
59051
59185
59448
59580
59712
59845
59979
60112
60246
60379
60512
60645
60777
60908
61040
61173
61440
61572
61704
61836
61967
62101
62233
62365
62498
62630
62763
62896
63029
63160
63292
63426
63555
63690
63824
63958
64090
64221
64354
64487
64618
64746
64877
65011
65143
65275
65408
65674
65808
65942
66073
66204
66336
66470
66604
66736
66869
67001
67134
67268
67402
67536
67670
67804
67933
68068
68199
68330
68462
68593
68724
68859
68992
69126
69259
69389
69524
69658
69792
69923
70056
70188
70319
70453
70586
70718
70853
70985
71116
71248
71383
71515
71646
71777
71907
72042
72176
72311
72440
72570
72699
72833
72968
73103
73235
73367
73502
73634
73769
73901
74036
74171
74303
74436
74571
74701
74832
74967
75101
75235
75368
75498
75633
75765
75899
76032
76164
76296
76429
76558
76693
76827
76960
77094
77227
77495
77627
77758
77890
78024
78156
78290
78424
78557
78690
78823
78955
79089
79220
79354
79488
79621
79753
80021
80150
80279
80412
80546
80680
80814
80945
81211
81344
81478
81610
81745
81879
82010
82143
82276
82411
82546
82677
82812
82943
83077
83210
83345
83475
83608
83741
83876
84011
84141
84272
84404
84536
84670
84804
85071
85203
85335
85467
85601
85735
85866
85999
86132
86264
86396
86527
86657
86791
86922
87053
87186
87320
87587
87719
87848
87982
88116
88245
88379
88512
88645
88778
88912
89046
89178
89310
89444
89575
89706
89840
89973
90102
90237
90371
90505
90637
90768
90903
91036
91168
91299
91434
91569
91703
91836
91969
92102
92236
92370
92498
92625
92755
92885
93015
93149
93283
93417
93551
93685
93819
93951
94084
94218
94351
94481
94612
94745
94876
95007
95141
95275
95409
95543
95677
95811
95944
96077
96211
96345
96479
96613
96746
96879
97011
97144
97277
97410
97543
97676
97809
97940
98072
98203
98335
98469
98603
98737
98871
99136
99268
99400
99534
99667
99799
99932
100064
100196
100324
100459
100590
100722
100852
101120
101249
101382
101649
101910
102177
102444
102575
102706
102837
102969
103100
103365
103498
103631
103764
103897
104031
104165
104296
104423
104554
104688
104823
104957
105089
105219
105352
105485
105617
105750
105884
106018
106149
106280
106413
106545
106678
106811
106944
107077
107210
107344
107474
107605
107873
108007
108139
108271
108404
108538
108670
108799
108928
109061
109195
109327
109460
109592
109860
109992
110124
110257
110390
110522
110655
110789
110923
111058
111193
111325
111456
111591
111724
111857
111990
112124
112258
112392
112525
112658
112790
112924
113058
113191
113323
113456
113588
113720
113853
113986
114118
114252
114386
114520
114654
114788
114922
115054
115187
115320
115453
115585
115716
115849
115981
116113
116244
116376
116510
116644
116778
117045
117178
117312
117446
117576
117706
117836
117969
118100
118235
118365
118500
118631
118764
118898
119157
119281
119416
119549
119681
119811
120076
120209
120339
120469
120604
120739
120868
120998
121133
121268
121399
121534
121669
121799
121930
122065
122200
122333
122466
122598
122731
122863
122995
123128
123261
123394
123527
123661
123794
123926
124060
124194
124325
124460
124592
124724
124855
124987
125120
125253
125386
125520
125651
125786
125919
126048
126178
126309
126441
126571
126704
126831
126965
127099
127231
127363
127630
127764
127897
128025
128160
128419
128553
128687
128820
128952
129220
129351
129482
129613
129747
129881
130014
130147
130279
130413
130547
130681
130948
131079
131210
131344
131476
131606
131739
131871
132003
132135
132403
132537
132670
132803
133068
133195
133323
133451
133579
133842
133975
134108
134242
134372
134503
134636
134769
134903
135168
135300
135432
135566
135700
135834
136101
136229
136357
136490
136621
136747
136882
137012
137143
137274
137404
137534
137665
137796
137929
138063
138197
138330
138464
138598
138731
138863
138996
139130
139264
139392
139523
139654
139782
139914
140047
140180
140312
140575
140707
140839
140968
141097
141231
141365
141499
141633
141761
142027
142155
142289
142423
142683
142944
143077
143210
143344
143478
143611
143745
143878
144010
144274
144406
144538
144671
144804
144936
145067
145199
145331
145465
145598
145730
145862
145994
146126
146259
146389
146522
146656
146918
147048
147179
147447
147580
147713
147847
147980
148113
148244
148377
148510
148643
148776
148909
149041
149175
149309
149442
149577
149710
149843
149975
150109
150243
150374
150509
150641
150769
150898
151029
151161
151295
151429
151561
151693
151827
151961
152096
152228
152360
152492
152626
152758
152892
153024
153157
153291
153425
153553
153687
153821
153949
154079
154209
154343
154477
154611
154745
154874
155003
155132
155261
155395
155529
155661
155795
155929
156062
156330
156462
156595
156728
156861
156992
157122
157254
157388
157522
157654
157786
157917
158052
158183
158318
158451
158715
158848
158980
159111
159242
159377
159644
159776
159909
160043
160175
160309
160443
160575
160708
160836
160965
161099
161233
161361
161494
161628
161758
161891
162023
162156
162290
162424
162557
162691
162825
162959
163092
163222
163356
163623
163754
163886
164016
164146
164277
164408
164676
164808
164941
165075
165208
165340
165470
165599
165731
165860
165990
166125
166257
166389
166521
166656
166791
166926
167056
167191
167321
167451
167585
167717
167849
168113
168247
168379
168514
168648
168782
168917
169049
169183
169317
169451
169584
169717
169850
169983
170115
170248
170516
170648
170780
170913
171046
171179
171313
171446
171579
171713
171847
171980
172112
172245
172379
172513
172646
172780
172912
173045
173177
173310
173444
173578
173709
173841
173973
174103
174238
174371
174501
174636
174769
174902
175035
175167
175297
175432
175561
175696
175964
176097
176230
176363
176495
176628
176760
176891
177022
177153
177286
177420
177554
177685
177819
177953
178085
178218
178352
178486
178751
178881
179011
179144
179278
179412
179545
179676
179807
179938
180069
180200
180335
180469
180603
180867
180999
181133
181267
181400
181533
181666
181799
181932
182065
182196
182331
182463
182596
182724
182859
182992
183126
183260
183394
183520
183654
183788
183915
184048
184181
184313
184444
184577
184710
184844
184978
185243
185376
185643
185776
185909
186043
186176
186309
186441
186573
186706
186839
186971
187239
187369
187504
187770
187901
188031
188165
188299
188431
188564
188698
188832
188965
189094
189223
189350
189476
189610
189743
189870
189997
190131
190265
190399
190533
190667
190932
191063
191197
191330
191597
191728
191863
191996
192130
192263
192397
192530
192660
192790
193058
193186
193315
193445
193574
193707
193840
193973
194106
194240
194374
194505
194773
194905
195038
195171
195303
195435
195567
195702
195832
195962
196230
196361
196494
196628
196761
196893
197026
197158
197292
197426
197558
197690
197822
197954
198088
198222
198356
198489
198620
198881
199013
199148
199278
199544
199677
199810
199943
200075
200210
200344
200478
200746
200877
201008
201143
201274
201407
201540
201674
201808
201943
202074
202206
202341
202474
202607
202741
202872
203007
203140
203273
203406
203539
203670
203805
203936
204071
204337
204470
204603
204736
204868
205001
205134
205268
205402
205537
205667
205802
205937
206067
206198
206333
206468
206599
206730
206865
207000
207132
207264
207399
207532
207665
207798
207931
208065
208197
208330
208464
208598
208733
208863
209128
209261
209395
209529
209663
209796
209929
210063
210196
210329
210461
210594
210727
210861
210994
211127
211260
211394
211661
211795
211929
212061
212193
212325
212457
212591
212725
212859
212991
213124
213256
213389
213521
213654
213787
213920
214054
214188
214321
214454
214584
214719
214853
214986
215119
215252
215383
215515
215648
215781
215916
216049
216181
216316
216450
216582
216715
216848
216982
217113
217245
217379
217513
217646
217781
217913
218047
218180
218315
218444
218576
218708
218843
218973
219106
219239
219371
219506
219641
219770
219902
220035
220170
220300
220433
220566
220699
220833
220964
221095
221362
221494
221626
221760
221894
222025
222160
222294
222428
222561
222696
222826
222959
223091
223223
223355
223490
223624
223758
223889
224151
224277
224412
224545
224678
224811
224944
225078
225213
225342
225607
225740
225870
226005
226139
226273
226408
226538
226671
226806
226938
227203
227335
227468
227601
227734
227869
228001
228134
228269
228398
228530
228659
228794
228927
229057
229192
229324
229459
229592
229727
229862
229994
230129
230260
230391
230526
230661
230792
230922
231057
231192
231324
231456
231591
231721
231851
231986
232121
232256
232388
232523
232654
232785
232920
233051
233186
233321
233450
233715
233845
233978
234112
234379
234514
234644
234777
234912
235045
235178
235310
235442
235574
235709
235844
235974
236109
236244
236374
236505
236640
236770
236905
237040
237171
237304
237436
237571
237704
237837
237972
238104
238236
238371
238501
238636
238766
238901
239033
239168
239299
239430
239563
239698
239831
239964
240097
240227
240359
240494
240629
240764
240896
241031
241166
241299
241432
241564
241696
241830
241964
242096
242229
242361
242493
242625
242757
242891
243025
243289
243423
243557
243689
243821
243954
244086
244219
244353
244487
244619
244887
245019
245151
245280
245412
245545
245677
245809
245943
246077
246209
246342
246474
246608
246742
246875
247005
247136
247270
247404
247539
247672
247806
247937
248067
248200
248333
248467
248600
248733
248866
249134
249266
249399
249532
249665
249930
250064
250198
250331
250465
250599
250729
250856
250984
251111
251238
251371
251505
251639
251772
251905
252038
252170
252305
252436
252570
252703
252836
252966
253101
253234
253366
253630
253761
253895
254028
254162
254296
254427
254561
254695
254828
254960
255089
255219
255352
255486
255620
255753
255885
256016
256148
256280
256411
256546
256677
256808
257076
257206
257341
257474
257606
257874
258008
258139
258272
258406
258539
258672
258807
258936
259201
259335
259468
259734
259867
260001
260132
260263
260395
260528
260661
260794
260927
261060
261194
261328
261461
261595
261728
261996
262131
262261
262394
262526
262659
262793
262925
263060
263193
263325
263455
263590
263723
263855
263989
264123
264254
264388
264521
264653
264787
264921
265054
265189
265320
265452
265582
265712
265842
265977
266112
266243
266378
266511
266643
266776
266911
267046
267178
267310
267444
267576
267710
267843
267976
268109
268242
268374
268506
268638
268772
268906
269040
269172
269306
269438
269572
269704
269838
269970
270104
270236
270370
270504
270636
270770
270904
271036
271170
271302
271436
271570
271702
