31
19,1,0,0,1,4,31
19,1,1,0,1,3,30
22,0,1,_X,-1,0,29
3,2,1,1,0,20,0,28
22,0,1,_X,-1,0,27
3,2,0,0,0,20,0,26
4,1,0,1,XBXBUF,-1,0,25
17,0,1,XBX,-1,0,24
7,1,0,0,20,0,23
18,0,1,XBX,-1,1,22
5,1,1,0,20,1,21
7,1,1,0,21,33,20
2,3,0,1,0,0,-1,48,19
2,3,1,1,0,0,-1,34,18
5,1,0,0,20,2,17
7,1,0,0,21,5,16
2,3,0,0,0,0,-1,6,15
2,3,1,0,0,0,-1,19,14
3,2,1,1,0,21,47,13
3,2,0,0,0,21,63,12
4,1,0,1,XAXBUF,-1,63,11
16,0,1,XAX,-1,63,10
21,0,1,EIGEN,-1,64,9
5,1,1,0,21,64,8
7,1,1,0,22,64,7
5,1,0,0,21,65,6
7,1,0,0,22,65,5
5,1,0,0,22,67,4
7,1,0,0,23,67,3
5,1,1,0,22,66,2
7,1,1,0,23,66,1
