1976
0
283
565
847
1129
1407
1688
1970
2252
2534
2815
3097
3378
3659
3941
4223
4504
4786
5068
5350
5632
5913
6196
6478
6760
7042
7325
7467
7607
7747
7889
8029
8171
8311
8453
8593
8733
8873
9015
9157
9299
9439
9579
9720
9862
10003
10144
10284
10425
10566
10707
10848
10989
11129
11269
11410
11550
11691
11832
11973
12114
12255
12396
12536
12676
12817
12957
13098
13239
13380
13522
14088
14370
14650
14931
15212
15496
15777
16058
16198
16338
16617
16899
17181
17321
17461
17741
18022
18165
18305
18448
18728
18868
19005
19147
19430
19713
19996
20278
20418
20560
20703
20843
20986
21126
21269
21410
21546
21689
21831
21972
22113
22256
22396
22537
22679
22822
22964
23105
23245
23386
23528
23666
23807
23946
24086
24226
24369
24508
24651
24790
24928
25068
25210
25349
25490
25631
25773
25913
26054
26196
26335
26478
26616
26759
26897
27039
27177
27320
27460
27600
27739
27882
28021
28164
28305
28441
28584
28722
28863
29004
29143
29286
29425
29568
29709
29850
29989
30128
30268
30411
30552
30695
30833
30976
31119
31262
31405
31545
31684
31822
31963
32102
32244
32381
32522
32663
32803
32943
33082
33219
33357
33495
33637
33778
33917
34058
34199
34340
34482
34622
34761
34902
35043
35185
35326
35468
35609
35892
36169
36308
36449
36589
36729
36869
37009
37152
37294
37434
37574
37714
37856
37997
38134
38277
38419
38558
38701
38843
38985
39126
39267
39408
39546
39685
39825
39968
40110
40252
40388
40525
40666
40807
40949
41090
41231
41371
41510
41649
41788
41927
42069
42209
42351
42493
42634
42776
42917
43058
43198
43338
43478
43618
43759
43900
44042
44184
44325
44467
44609
44751
44890
45030
45170
45312
45454
45597
45736
45874
46015
46157
46295
46438
46581
46719
46860
47002
47143
47284
47425
47566
47707
47848
47988
48126
48267
48408
48548
48688
48829
48969
49109
49248
49388
49531
49671
49812
49953
50094
50237
50375
50517
50657
50797
50938
51078
51217
51356
51495
51637
51779
51919
52059
52200
52341
52482
52623
52763
52900
53040
53182
53322
53461
53604
53743
53882
54022
54162
54303
54446
54584
54724
54867
55005
55144
55283
55424
55565
55707
55849
55990
56132
56275
56413
56554
56695
56836
56978
57120
57260
57403
57543
57683
57824
57967
58108
58250
58389
58531
58672
58813
58956
59099
59239
59379
59516
59657
59796
59935
60076
60219
60359
60500
60640
60783
60923
61064
61202
61339
61480
61621
61762
61903
62046
62189
62328
62469
62609
62750
62892
63034
63176
63316
63452
63588
63728
63869
64009
64150
64291
64432
64574
64714
64855
64996
65137
65275
65413
65552
65694
65836
65977
66120
66259
66402
66541
66682
66820
66962
67104
67243
67382
67523
67663
67805
67945
68087
68228
68369
68509
68650
68790
68931
69073
69214
69355
69493
69630
69773
69913
70052
70195
70338
70477
70620
70759
70897
71040
71183
71323
71466
71604
71743
71886
72029
72167
72310
72447
72585
72723
72866
73005
73145
73285
73426
73566
73709
73850
73989
74128
74267
74408
74550
74692
74832
74972
75112
75253
75394
75535
75676
75813
75956
76096
76235
76378
76518
76661
76803
76943
77085
77227
77365
77504
77646
77788
77927
78069
78210
78351
78492
78634
78773
78915
79057
79198
79338
79479
79619
79760
79901
80041
80181
80318
80455
80594
80733
80875
81014
81154
81438
81578
81718
81859
81999
82139
82280
82422
82699
82839
82980
83120
83261
83401
83541
83678
83821
83962
84104
84245
84385
84525
84667
84809
84950
85091
85233
85375
85514
85653
85792
85930
86072
86214
86354
86496
86637
86776
86918
87057
87200
87337
87619
87758
87898
88038
88176
88314
88457
88594
88737
88877
89017
89157
89296
89433
89571
89712
89853
90134
90277
90415
90553
90692
90833
90974
91117
91258
91399
91538
91677
91819
91961
92101
92243
92385
92527
92669
92808
92947
93086
93225
93367
93509
93650
93792
93933
94074
94215
94357
94498
94639
94780
94919
95061
95203
95344
95486
95627
95769
95909
96050
96186
96321
96458
96598
96739
96880
97018
97159
97300
97438
97580
97722
97861
97999
98138
98276
98418
98560
98699
98838
98978
99117
99257
99395
99536
99674
99813
99956
100094
100237
100378
100518
100658
100801
100942
101084
101226
101367
101508
101648
101789
101929
102067
102208
102350
102487
102626
102764
102905
103048
103188
103328
103466
103605
103745
103884
104026
104308
104447
104588
104729
104869
105008
105146
105285
105424
105566
105708
105850
105992
106132
106271
106411
106550
106690
106829
106971
107113
107255
107397
107538
107679
107819
107960
108100
108241
108381
108522
108665
108805
108947
109088
109228
109368
109509
109650
109791
109931
110071
110211
110349
110491
110633
110772
110914
111055
111197
111334
111471
111610
111748
111887
112025
112163
112306
112447
112588
112730
112871
113008
113146
113283
113420
113558
113696
113837
113978
114120
114262
114402
114541
114683
114825
114965
115105
115243
115382
115524
115665
115805
115946
116227
116368
116509
116649
116789
116931
117073
117215
117357
117497
117637
117778
117919
118061
118203
118343
118482
118622
118765
118906
119045
119185
119325
119466
119607
119747
119890
120032
120174
120314
120452
120595
120733
120874
121015
121155
121435
121575
121715
121858
121999
122138
122276
122417
122558
122698
122834
122977
123118
123259
123400
123539
123678
123820
123962
124104
124246
124385
124525
124667
124809
124949
125089
125231
125373
125513
125653
125793
125935
126075
126215
126357
126499
126641
126782
126923
127062
127201
127339
127477
127615
127753
127893
128033
128174
128314
128454
128593
128731
128868
129006
129143
129279
129415
129557
129698
129837
130114
130256
130396
130536
130676
130818
130960
131101
131243
131384
131523
131663
131803
131943
132084
132222
132359
132501
132643
132782
132921
133064
133205
133345
133484
133625
133768
133907
134046
134186
134325
134467
134607
134744
134887
135026
135165
135301
135438
135580
135721
135860
136001
136142
136281
136421
136561
136702
136842
136981
137121
137262
137402
137542
137684
137824
137963
138102
138241
138381
138521
138661
138801
138940
139080
139221
139362
139503
139643
139782
139923
140062
140201
140343
140485
140625
140765
140905
141045
141185
141325
141465
141604
141747
141887
142029
142170
142310
142451
142590
142728
142870
143012
143153
143292
143434
143576
143716
143855
143995
144137
144279
144420
144560
144697
144840
144981
145121
145258
145541
145682
145823
145964
146104
146244
146383
146523
146666
146808
146948
147089
147230
147368
147511
147652
147792
147929
148072
148210
148353
148494
148634
148774
148914
149055
149195
149336
149475
149615
149899
150041
150183
150322
150461
150599
150738
150880
151022
151300
151439
151579
151719
151861
152003
152140
152278
152416
152558
152697
152836
152976
153115
153254
153393
153532
153673
153814
153953
154095
154235
154376
154513
154650
154790
154929
155068
155208
155349
155491
155633
155773
155914
156055
156196
156337
156479
156620
156760
156898
157041
157180
157319
157462
157604
157742
157879
158017
158155
158294
158434
158575
158716
158857
158997
159138
159279
159421
159563
159704
159844
159984
160124
160263
160543
160681
160824
160964
161104
161241
161381
161524
161667
161808
161948
162089
162232
162372
162511
162654
162797
162937
163077
163220
163358
163501
163638
163779
163919
164060
164201
164342
164482
164625
164907
165047
165185
165328
165471
165753
165894
166035
166176
166316
166454
166597
166736
166874
167017
167159
167300
167439
167582
167725
167861
168004
168143
168283
168426
168562
168705
168848
168988
169125
169262
169405
169544
169684
169827
169970
170110
170247
170390
170533
170672
170812
170955
171094
171237
171378
171519
171658
171798
171937
172077
172217
172356
172496
172635
172777
172919
173061
173198
173338
173476
173615
173756
173896
174038
174180
174319
174459
174600
174740
174880
175020
175159
175299
175438
175577
175719
175860
176001
176142
176284
176423
176565
176705
176846
176987
177127
177267
177403
177545
177687
177830
177969
178111
178253
178391
178533
178675
178815
178954
179096
179235
179374
179514
179651
179789
179931
180073
180213
180354
180496
180638
180779
180918
181058
181200
181342
181483
181624
181764
181905
182045
182186
182326
182465
182607
182749
182889
183030
183170
183310
183594
183734
183874
184014
184155
184294
184432
184574
184716
184858
185000
185142
185283
185424
185560
185700
185843
185985
186127
186268
186409
186548
186688
186828
186968
187110
187249
187389
187531
187673
187812
187952
188091
188230
188371
188514
188656
188796
188935
189077
189219
189359
189500
189641
189782
189923
190064
190205
190344
190485
190628
190769
191053
191192
191332
191473
191611
191749
191891
192033
192173
192313
192454
192594
192736
192878
193018
193159
193299
193438
193577
193719
193861
193998
194135
194276
194416
194557
194697
194834
194971
195113
195250
195391
195534
195672
195815
195953
196094
196235
196374
196514
196654
196796
196938
197077
197216
197356
197496
197636
197775
197917
198059
198199
198339
198479
198619
198757
198900
199041
199182
199322
199462
199603
199745
199886
200027
200165
200304
200445
200586
200724
200863
201005
201147
201290
201429
201567
201709
201851
201989
202132
202274
202415
202554
202696
202838
202980
203116
203252
203393
203533
203674
203813
203955
204096
204238
204520
204661
204798
204941
205079
205222
205359
205496
205639
205782
205921
206061
206201
206341
206480
206623
206759
206895
207035
207176
207315
207458
207601
207744
207884
208027
208170
208310
208450
208593
208730
208868
209006
209149
209286
209429
209572
209713
209854
209995
210133
210274
210415
210558
210697
210840
210978
211119
211259
211399
211538
211678
211818
211960
212101
212243
212385
212525
212666
212804
212942
213079
213216
213354
213492
213630
213767
213908
214049
214191
214332
214473
214615
214756
214897
215038
215181
215322
215462
215604
215746
215886
216027
216167
216307
216447
216589
216731
216867
217004
217146
217287
217566
217706
217846
218128
218270
218412
218552
218691
218834
218975
219113
219251
219389
219528
219666
219807
219948
220089
220228
220367
220509
220651
220791
220930
221070
221209
221350
221490
221630
221769
221909
222051
222192
222334
222475
222616
222754
222897
223039
223181
223321
223460
223599
223738
224016
224158
224300
224440
224580
224720
224862
225003
225142
225283
225424
225565
225705
225843
225985
226127
226267
226406
226548
226690
226830
226970
227112
227252
227391
227532
227672
227814
227956
228096
228235
228378
228519
228803
228944
229085
229225
229365
229505
229644
229786
229928
230069
230211
230350
230491
230632
230772
230912
231052
231194
231336
231476
231618
231760
231900
232041
232183
232326
232464
232605
232748
232887
233030
233173
233311
233450
233591
233732
233874
234016
234158
234299
234441
234581
234721
234864
235003
235143
235286
235424
235567
235705
235848
235986
236127
236268
236409
236550
236691
236832
236972
237113
237254
237394
237535
237676
237817
237955
238095
238232
238374
238516
238654
238796
238932
239069
239211
239352
239495
239633
239772
239911
240054
240197
240337
240477
240615
240754
240892
241032
241173
241313
241455
241595
241734
241873
242015
242156
242297
242438
242575
242713
242852
242992
243133
243274
243415
243555
243697
243839
243979
244118
244258
244398
244540
244681
244822
244964
245106
245246
245388
245530
245671
245810
245951
246093
246235
246376
246514
246657
246796
246936
247079
247218
247358
247498
247638
247778
247918
248058
248197
248337
248476
248616
248755
248897
249038
249178
249318
249459
249601
249744
249883
250024
250167
250306
250446
250586
250726
250866
251008
251149
251292
251430
251573
251712
251855
251994
252133
252271
252414
252557
252838
252981
253120
253258
253401
253540
253683
253824
253965
254106
254244
254387
254528
254668
254809
254950
255091
255232
255373
255513
255654
255795
255933
256076
256217
256357
256498
256638
256778
256918
257058
257199
257341
257484
257622
257760
257903
258046
258186
258326
258465
258603
258746
258886
259024
259163
259305
259447
259589
259731
259873
260014
260155
260295
260437
260575
260713
260851
260989
261125
261264
261402
261544
261685
261820
261961
262102
262377
262652
262794
262935
263076
263217
263359
263500
263640
263778
263917
264057
264198
264339
264480
264621
264762
264900
265039
265178
265317
265456
265597
265739
265880
266022
266158
266301
266443
266585
266726
266866
267007
267148
267289
267429
267570
267710
267851
267992
268131
268271
268411
268552
268694
268833
268973
269112
269252
269394
269536
269676
269816
269956
270099
270238
270380
270521
270661
270803
270944
271084
271224
271364
271503
271646
271784
271921
272062
272205
272347
272487
272628
272769
272910
273051
273192
273329
273467
273606
273745
273883
274020
274161
274303
274445
274588
274729
274867
275006
275146
275285
275427
275568
275707
275846
275988
276130
276269
276409
276548
276688
276829
276971
277113
277252
277536
277677
277818
277961
278099
278240
278382
278524
278666
278808
278950
279092
279232
279372
279512
279654
279796
279936
280075
280215
280355
280498
280639
280780
280921
281062
281203
281344
281485
281626
281767
281908
282049
282190
282331
282472
282613
282751
282892
283033
283174
283315
283456
283597
283738
283879
284020
284161
284302
284443
284584
284725
284866
285004
285145
285286
285427
285568
285709
285850
285991
286132
286273
286411
286552
286693
286834
286975
287116
287257
287398
287539
