264
22,0,1,_X,-1,0,264
3,2,12,12,0,20,0,263
22,0,1,_X,-1,0,262
3,2,11,11,0,20,0,261
22,0,1,_X,-1,0,260
3,2,10,10,0,20,0,259
22,0,1,_X,-1,0,258
3,2,9,9,0,20,0,257
22,0,1,_X,-1,0,256
3,2,8,8,0,20,0,255
22,0,1,_X,-1,0,254
3,2,7,7,0,20,0,253
22,0,1,_X,-1,0,252
3,2,6,6,0,20,0,251
22,0,1,_X,-1,0,250
3,2,5,5,0,20,0,249
22,0,1,_X,-1,0,248
3,2,4,4,0,20,0,247
22,0,1,_X,-1,0,246
3,2,3,3,0,20,0,245
22,0,1,_X,-1,0,244
3,2,2,2,0,20,0,243
22,0,1,_X,-1,0,242
3,2,1,1,0,20,0,241
22,0,1,_X,-1,0,240
3,2,0,0,0,20,0,239
4,1,0,1,XBXBUF,-1,0,238
17,0,1,XBX,-1,0,237
7,1,0,0,20,0,236
18,0,1,XBX,-1,0,235
5,1,0,0,20,0,234
5,1,1,0,20,0,233
5,1,3,0,20,0,232
5,1,5,0,20,0,231
7,1,5,0,21,1,230
5,1,7,0,20,1,229
7,1,7,0,21,1,228
5,1,8,0,20,1,227
7,1,8,0,21,1,226
5,1,9,0,20,1,225
7,1,9,0,21,1,224
5,1,11,0,20,1,223
7,1,11,0,21,1,222
19,1,7,0,1,1,221
2,3,7,5,0,0,-1,1,220
2,3,7,7,0,0,-1,1,219
2,3,7,8,0,0,-1,1,218
2,3,7,9,0,0,-1,1,217
2,3,7,11,0,0,-1,1,216
19,1,6,0,1,1,215
2,3,6,5,0,0,-1,1,214
2,3,6,7,0,0,-1,1,213
2,3,6,8,0,0,-1,1,212
2,3,6,9,0,0,-1,1,211
2,3,6,11,0,0,-1,1,210
19,1,5,0,1,1,209
2,3,5,5,0,0,-1,1,208
2,3,5,7,0,0,-1,1,207
2,3,5,8,0,0,-1,1,206
2,3,5,9,0,0,-1,1,205
2,3,5,11,0,0,-1,1,204
19,1,4,0,1,1,203
2,3,4,5,0,0,-1,1,202
2,3,4,7,0,0,-1,1,201
2,3,4,8,0,0,-1,1,200
2,3,4,9,0,0,-1,1,199
2,3,4,11,0,0,-1,1,198
7,1,3,0,21,2,197
2,3,4,3,0,0,-1,2,196
2,3,5,3,0,0,-1,2,195
2,3,6,3,0,0,-1,2,194
2,3,7,3,0,0,-1,2,193
5,1,12,0,20,2,192
7,1,12,0,21,2,191
2,3,4,12,0,0,-1,2,190
2,3,5,12,0,0,-1,2,189
2,3,6,12,0,0,-1,2,188
2,3,7,12,0,0,-1,2,187
19,1,3,0,1,2,186
2,3,3,3,0,0,-1,2,185
2,3,3,5,0,0,-1,2,184
2,3,3,7,0,0,-1,2,183
2,3,3,11,0,0,-1,2,182
2,3,3,12,0,0,-1,2,181
7,1,1,0,21,3,180
2,3,3,1,0,0,-1,3,179
2,3,4,1,0,0,-1,3,178
2,3,5,1,0,0,-1,3,177
2,3,6,1,0,0,-1,3,176
7,1,0,0,21,3,175
2,3,3,0,0,0,-1,3,174
2,3,4,0,0,0,-1,3,173
2,3,5,0,0,0,-1,3,172
2,3,6,0,0,0,-1,3,171
19,1,2,0,1,3,170
2,3,2,0,0,0,-1,3,169
2,3,2,1,0,0,-1,3,168
2,3,2,3,0,0,-1,3,167
19,1,1,0,1,3,166
2,3,1,1,0,0,-1,3,165
5,1,4,0,20,4,164
7,1,4,0,21,4,163
2,3,4,4,0,0,-1,4,162
2,3,5,4,0,0,-1,4,161
2,3,6,4,0,0,-1,4,160
5,1,6,0,20,4,159
7,1,6,0,21,4,158
2,3,4,6,0,0,-1,4,157
2,3,5,6,0,0,-1,4,156
2,3,6,6,0,0,-1,4,155
5,1,10,0,20,4,154
7,1,10,0,21,4,153
2,3,4,10,0,0,-1,4,152
3,2,4,4,0,21,4,151
2,3,6,10,0,0,-1,4,150
3,2,6,6,0,21,4,149
2,3,7,10,0,0,-1,4,148
2,3,3,10,0,0,-1,5,147
2,3,5,10,0,0,-1,5,146
3,2,5,5,0,21,5,145
2,3,3,6,0,0,-1,5,144
2,3,7,6,0,0,-1,5,143
2,3,3,4,0,0,-1,5,142
2,3,7,4,0,0,-1,5,141
3,2,7,7,0,21,5,140
2,3,3,8,0,0,-1,5,139
2,3,3,9,0,0,-1,5,138
5,1,2,0,20,5,137
7,1,2,0,21,5,136
2,3,2,2,0,0,-1,5,135
3,2,2,2,0,21,5,134
2,3,3,2,0,0,-1,5,133
3,2,3,3,0,21,5,132
2,3,1,6,0,0,-1,6,131
2,3,1,4,0,0,-1,6,130
2,3,1,0,0,0,-1,6,129
2,3,1,5,0,0,-1,6,128
19,1,12,0,1,6,127
2,3,12,3,0,0,-1,6,126
2,3,12,4,0,0,-1,6,125
2,3,12,5,0,0,-1,6,124
2,3,12,6,0,0,-1,6,123
2,3,12,7,0,0,-1,6,122
2,3,12,8,0,0,-1,6,121
2,3,12,9,0,0,-1,6,120
2,3,12,10,0,0,-1,6,119
2,3,12,11,0,0,-1,6,118
2,3,12,12,0,0,-1,6,117
3,2,12,12,0,21,6,116
19,1,11,0,1,6,115
2,3,11,3,0,0,-1,6,114
2,3,11,4,0,0,-1,6,113
2,3,11,5,0,0,-1,6,112
2,3,11,6,0,0,-1,6,111
2,3,11,7,0,0,-1,6,110
2,3,11,8,0,0,-1,6,109
2,3,11,9,0,0,-1,6,108
2,3,11,10,0,0,-1,6,107
2,3,11,11,0,0,-1,6,106
2,3,11,12,0,0,-1,6,105
3,2,11,11,0,21,6,104
19,1,10,0,1,6,103
2,3,10,3,0,0,-1,6,102
2,3,10,4,0,0,-1,6,101
2,3,10,5,0,0,-1,6,100
2,3,10,6,0,0,-1,6,99
2,3,10,7,0,0,-1,6,98
2,3,10,8,0,0,-1,6,97
2,3,10,9,0,0,-1,6,96
2,3,10,10,0,0,-1,6,95
2,3,10,11,0,0,-1,6,94
2,3,10,12,0,0,-1,6,93
3,2,10,10,0,21,6,92
19,1,9,0,1,6,91
2,3,9,3,0,0,-1,6,90
2,3,9,4,0,0,-1,6,89
2,3,9,5,0,0,-1,6,88
2,3,9,6,0,0,-1,6,87
2,3,9,7,0,0,-1,6,86
2,3,9,8,0,0,-1,6,85
2,3,9,9,0,0,-1,6,84
2,3,9,10,0,0,-1,6,83
2,3,9,11,0,0,-1,6,82
2,3,9,12,0,0,-1,6,81
3,2,9,9,0,21,6,80
19,1,8,0,1,6,79
2,3,8,3,0,0,-1,6,78
2,3,8,4,0,0,-1,6,77
2,3,8,5,0,0,-1,6,76
2,3,8,6,0,0,-1,6,75
2,3,8,7,0,0,-1,6,74
2,3,8,8,0,0,-1,6,73
2,3,8,9,0,0,-1,6,72
2,3,8,10,0,0,-1,6,71
2,3,8,11,0,0,-1,6,70
2,3,8,12,0,0,-1,6,69
3,2,8,8,0,21,6,68
2,3,1,2,0,0,-1,7,67
2,3,1,3,0,0,-1,7,66
3,2,1,1,0,21,7,65
19,1,0,0,1,7,64
2,3,0,0,0,0,-1,7,63
2,3,0,1,0,0,-1,7,62
2,3,0,2,0,0,-1,7,61
2,3,0,3,0,0,-1,7,60
2,3,0,4,0,0,-1,7,59
2,3,0,5,0,0,-1,7,58
2,3,0,6,0,0,-1,7,57
3,2,0,0,0,21,7,56
4,1,0,1,XAXBUF,-1,7,55
16,0,1,XAX,-1,7,54
21,0,1,EIGEN,-1,7,53
5,1,0,0,22,7,52
7,1,0,0,23,7,51
5,1,1,0,22,7,50
5,1,1,0,21,8,49
7,1,1,0,22,8,48
5,1,3,0,21,8,47
7,1,3,0,22,8,46
5,1,5,0,21,8,45
7,1,5,0,22,8,44
5,1,6,0,21,8,43
7,1,6,0,22,8,42
5,1,7,0,21,8,41
7,1,7,0,22,8,40
5,1,8,0,21,8,39
7,1,8,0,22,8,38
5,1,9,0,21,8,37
7,1,9,0,22,8,36
5,1,10,0,21,8,35
7,1,10,0,22,8,34
7,1,1,0,23,9,33
5,1,4,0,21,9,32
7,1,4,0,22,9,31
5,1,11,0,21,9,30
7,1,11,0,22,9,29
5,1,12,0,21,9,28
7,1,12,0,22,9,27
5,1,4,0,22,9,26
7,1,4,0,23,9,25
5,1,7,0,22,9,24
7,1,7,0,23,9,23
5,1,8,0,22,9,22
7,1,8,0,23,9,21
5,1,10,0,22,9,20
7,1,10,0,23,9,19
5,1,11,0,22,9,18
7,1,11,0,23,9,17
5,1,0,0,21,10,16
7,1,0,0,22,10,15
5,1,2,0,21,10,14
7,1,2,0,22,10,13
5,1,2,0,22,10,12
7,1,2,0,23,10,11
5,1,3,0,22,10,10
7,1,3,0,23,10,9
5,1,5,0,22,10,8
7,1,5,0,23,10,7
5,1,6,0,22,10,6
7,1,6,0,23,10,5
5,1,9,0,22,10,4
7,1,9,0,23,10,3
5,1,12,0,22,10,2
7,1,12,0,23,10,1
