1279
0
21
42
64
84
104
125
166
186
206
246
287
329
351
393
435
456
476
497
517
557
579
600
621
661
681
702
722
742
783
803
823
844
865
885
906
926
947
968
1009
1029
1070
1091
1111
1133
1138
1143
1147
1153
1158
1163
1168
1173
1178
1183
1188
1193
1197
1202
1207
1212
1218
1223
1228
1232
1238
1242
1247
1252
1258
1263
1269
1274
1279
1285
1290
1295
1300
1305
1310
1315
1321
1326
1331
1336
1341
1346
1351
1357
1362
1367
1373
1379
1399
1420
1441
1462
1482
1502
1522
1543
1553
1574
1595
1616
1626
1647
1658
1678
1688
1699
1709
1729
1739
1750
1760
1780
1791
1801
1811
1832
1843
1853
1863
1873
1883
1893
1903
1914
1924
1930
1940
1945
1955
1965
1976
1987
1997
2007
2017
2028
2038
2058
2063
2068
2073
2078
2083
2088
2093
2098
2103
2109
2115
2120
2126
2146
2152
2158
2163
2168
2172
2182
2192
2213
2234
2253
2273
2293
2314
2334
2375
2385
2390
2395
2400
2405
2410
2415
2435
2455
2459
2465
2475
2486
2496
2507
2517
2527
2537
2548
2553
2563
2573
2584
2589
2599
2604
2614
2624
2634
2639
2649
2654
2664
2669
2674
2679
2684
2695
2700
2705
2710
2720
2730
2740
2745
2755
2765
2775
2785
2791
2802
2808
2814
2819
2830
2840
2850
2860
2870
2880
2886
2896
2906
2917
2923
2933
2943
2953
2963
2973
2984
2994
2999
3010
3016
3026
3046
3067
3088
3108
3110
3130
3151
3171
3176
3186
3197
3217
3238
3249
3259
3268
3278
3288
3298
3307
3327
3348
3368
3378
3383
3393
3396
3401
3421
3423
3433
3442
3445
3466
3468
3478
3499
3510
3521
3531
3542
3562
3568
3570
3591
3597
3608
3610
3618
3623
3633
3654
3656
3658
3660
3670
3675
3685
3696
3701
3721
3724
3730
3733
3744
3749
3759
3769
3772
3783
3789
3794
3797
3800
3821
3824
3832
3834
3844
3853
3856
3861
3866
3875
3878
3883
3893
3898
3903
3913
3924
3926
3931
3934
3940
3945
3950
3960
3968
3971
3977
3988
3993
4013
4033
4043
4045
4050
4053
4064
4073
4076
4081
4084
4087
4096
4099
4102
4105
4110
4120
4125
4146
4187
4208
4228
4230
4252
4272
4275
4277
4279
4289
4294
4300
4303
4313
4333
4335
4338
4359
4361
4370
4375
4378
4380
4382
4387
4392
4394
4415
4425
4428
4437
4440
4449
4452
4457
4462
4467
4487
4498
4503
4506
4509
4514
4519
4524
4527
4536
4539
4548
4569
4590
4601
4604
4609
4614
4624
4629
4632
4637
4642
4647
4667
4687
4698
4701
4703
4706
4711
4714
4719
4722
4725
4730
4739
4742
4744
4749
4760
4763
4766
4777
4782
4791
4794
4800
4803
4806
4816
4825
4830
4833
4838
4879
4884
4887
4890
4910
4920
4930
4950
4952
4955
4958
4961
4964
4969
4972
4977
4982
4987
4992
4997
5003
5008
5014
5023
5026
5031
5035
5038
5041
5045
5048
5053
5056
5061
5064
5075
5080
5083
5086
5094
5097
5100
5109
5114
5123
5126
5131
5134
5140
5150
5155
5160
5169
5172
5177
5180
5185
5188
5193
5203
5206
5217
5222
5226
5231
5237
5246
5251
5262
5271
5276
5287
5292
5295
5304
5309
5319
5324
5330
5335
5338
5348
5351
5361
5364
5369
5372
5375
5378
5389
5397
5402
5405
5408
5416
5419
5424
5427
5448
5458
5463
5468
5471
5477
5487
5490
5499
5508
5511
5516
5519
5524
5533
5536
5539
5544
5565
5575
5578
5585
5590
5593
5596
5601
5606
5615
5618
5621
5624
5629
5632
5641
5644
5649
5652
5657
5660
5666
5671
5674
5677
5680
5683
5692
5695
5700
5708
5711
5716
5719
5725
5733
5738
5743
5754
5759
5764
5769
5774
5780
5785
5790
5795
5801
5804
5809
5812
5832
5837
5848
5851
5854
5859
5862
5867
5869
5875
5878
5888
5891
5899
5904
5907
5910
5919
5924
5927
5938
5941
5950
5953
5961
5971
5975
5980
5990
5993
5999
6001
6010
6013
6023
6032
6035
6046
6049
6051
6056
6059
6068
6071
6076
6081
6084
6095
6098
6103
6106
6114
6119
6129
6132
6137
6140
6143
6146
6154
6159
6162
6165
6170
6179
6190
6193
6196
6199
6202
6207
6212
6215
6221
6226
6229
6238
6241
6244
6249
6258
6261
6266
6269
6274
6285
6290
6295
6301
6304
6307
6312
6317
6328
6331
6336
6339
6350
6361
6364
6369
6379
6385
6390
6396
6401
6407
6416
6421
6431
6434
6442
6445
6448
6459
6464
6467
6476
6481
6484
6487
6492
6501
6504
6509
6512
6517
6520
6540
6543
6544
6549
6552
6563
6572
6577
6580
6590
6593
6596
6601
6604
6615
6618
6623
6626
6631
6634
6639
6642
6647
6657
6662
6665
6668
6673
6678
6681
6684
6687
6698
6701
6706
6709
6718
6721
6726
6729
6734
6737
6747
6752
6755
6764
6767
6777
6780
6785
6788
6796
6799
6804
6807
6812
6815
6820
6823
6828
6838
6840
6845
6850
6853
6858
6868
6879
6889
6898
6901
6906
6909
6918
6921
6926
6929
6932
6937
6940
6951
6962
6967
6970
6975
6980
6985
6988
6991
6994
6999
7002
7008
7019
7022
7032
7035
7045
7048
7057
7060
7063
7068
7079
7082
7092
7097
7106
7109
7119
7122
7127
7130
7133
7138
7141
7144
7149
7152
7162
7165
7174
7179
7182
7185
7190
7200
7206
7211
7214
7222
7225
7230
7233
7238
7243
7246
7251
7254
7260
7263
7266
7269
7272
7275
7286
7289
7294
7299
7302
7305
7308
7313
7316
7321
7324
7333
7338
7341
7344
7354
7357
7362
7365
7368
7374
7385
7388
7393
7396
7401
7407
7409
7413
7416
7419
7429
7434
7437
7440
7445
7448
7453
7458
7463
7468
7471
7477
7480
7485
7490
7495
7500
7510
7515
7520
7525
7530
7535
7540
7543
7546
7549
7559
7564
7567
7570
7573
7578
7581
7586
7597
7602
7605
7608
7617
7622
7625
7628
7636
7639
7644
7649
7669
7674
7677
7688
7691
7701
7706
7709
7712
7721
7726
7729
7732
7734
7745
7753
7756
7759
7764
7767
7777
7780
7785
7788
7796
7799
7804
7807
7818
7829
7837
7840
7845
7848
7857
7861
7866
7869
7874
7879
7882
7885
7888
7897
7900
7905
7908
7911
7922
7924
7933
7943
7948
7957
7962
7967
7970
7975
7978
7987
7990
7991
7996
7999
8002
8005
8008
8013
8016
8019
8022
8033
8038
8041
8044
8054
8057
8060
8065
8068
8074
8079
8081
8086
8089
8092
8103
8106
8111
8114
8122
8127
8130
8133
8142
8145
8150
8153
8158
8164
8174
8177
8182
8185
8190
8196
8237
8239
8244
8249
8254
8295
8300
8321
8326
8329
8332
8335
8338
8340
8345
8348
8353
8358
8400
8405
8410
8415
8420
8425
8430
8433
8436
8446
8449
8454
8459
8464
8466
8468
8473
8479
8482
8487
8493
8498
8504
8513
8521
8524
8529
8532
8537
8540
8545
8548
8554
8560
8601
8611
8616
8621
8626
8631
8636
8641
8646
8651
8656
8662
8667
8673
8679
8684
8695
8706
8726
8736
8746
8757
8768
8778
8789
8799
8810
8820
8840
8850
8861
8871
8891
8901
8921
8941
8952
8963
8974
8985
9005
9016
9027
9038
9048
9058
9078
9088
9108
9128
9139
9159
9170
9190
9210
9230
9240
9251
9262
9273
9293
9303
9313
9324
9335
9345
9356
9375
9385
9396
9407
9418
9429
9439
9450
9461
9472
9483
9494
9514
9534
9554
9574
9584
9604
9624
9644
9654
9674
9694
9714
9734
9754
9774
9785
9796
9807
9818
9829
9849
9869
9889
9900
9911
9922
9932
9952
9963
9974
9994
10014
10034
10054
10074
10094
10114
10134
10154
10165
10176
10187
10198
10209
10229
10249
10269
10289
10309
10329
10349
10360
10371
10382
10393
10413
10433
10453
10473
10483
