125
22,0,1,_X,-1,0,125
3,2,1,1,0,20,0,124
22,0,1,_X,-1,0,123
4,1,0,1,XBXBUF,-1,0,122
22,0,1,_X,-1,0,121
22,0,1,_X,-1,0,120
22,0,1,_lambda,-1,0,119
17,0,1,XBX,-1,0,118
5,1,0,0,20,0,117
3,2,3,3,0,20,3,116
7,1,0,0,21,3,115
10,1,3,0,-1,3,114
11,2,3,3,0,-1,3,113
22,0,1,_AX,-1,4,112
5,1,1,0,20,4,111
7,1,2,0,21,4,110
11,2,0,0,0,-1,5,109
7,1,0,0,20,2,108
5,1,2,0,20,2,107
7,1,3,0,21,2,106
11,2,1,1,0,-1,2,105
18,0,1,XBX,-1,1,104
5,1,3,0,20,1,103
10,1,2,0,-1,1,102
11,2,2,2,0,-1,1,101
7,1,1,0,21,6,100
12,0,1,RNBUF,-1,6,99
13,0,1,RN,-1,6,98
1,0,1,actMask,-1,6,97
20,0,1,actMask,-1,6,96
14,1,3,0,1,6,95
3,2,3,3,0,1,6,94
14,1,0,0,1,7,93
3,2,0,0,0,1,7,92
14,1,1,0,1,8,91
3,2,1,1,0,1,8,90
14,1,2,0,1,8,89
3,2,2,2,0,1,8,88
4,1,0,1,temp2BUF,-1,8,87
5,1,0,0,2,9,86
3,2,2,2,0,21,9,85
5,1,1,0,21,9,84
3,2,0,0,0,21,10,83
16,0,1,XAX,-1,11,82
5,1,3,0,21,11,81
4,1,0,1,XAXBUF,-1,11,80
3,2,3,3,0,21,11,79
5,1,2,0,21,11,78
3,2,1,1,0,21,12,77
9,1,3,0,2,12,76
7,1,0,0,22,12,75
5,1,0,0,21,12,74
7,1,1,0,22,13,73
7,1,2,0,22,13,72
5,1,1,0,22,13,71
5,1,2,0,22,13,70
7,1,1,0,23,40,69
7,1,2,0,23,14,68
8,1,3,0,1,14,67
3,2,3,3,0,4,14,66
5,1,0,0,22,14,65
7,1,0,0,23,14,64
8,1,1,0,1,14,63
3,2,1,1,0,4,14,62
7,1,3,0,22,15,61
19,1,2,0,1,15,60
19,1,1,0,1,15,59
2,3,1,3,0,0,-1,15,58
19,1,0,0,1,15,57
2,3,2,2,0,0,-1,41,56
2,3,1,1,0,0,-1,28,55
2,3,1,2,0,0,-1,51,54
2,3,0,2,0,0,-1,52,53
3,2,2,2,0,4,52,52
5,1,3,0,22,16,51
2,3,0,0,0,0,-1,17,50
2,3,0,1,0,0,-1,55,49
2,3,0,3,0,0,-1,55,48
3,2,0,0,0,5,55,47
2,3,2,0,0,0,-1,27,46
2,3,2,1,0,0,-1,54,45
2,3,2,3,0,0,-1,54,44
3,2,2,2,0,5,54,43
8,1,2,0,1,54,42
2,3,1,0,0,0,-1,53,41
3,2,1,1,0,5,53,40
8,1,0,0,1,53,39
3,2,0,0,0,4,56,38
19,1,3,0,1,56,37
2,3,3,0,0,0,-1,56,36
2,3,3,2,0,0,-1,56,35
2,3,3,1,0,0,-1,57,34
2,3,3,3,0,0,-1,57,33
3,2,3,3,0,5,57,32
4,1,0,1,RARBUF,-1,57,31
15,0,1,RAR,-1,58,30
16,0,1,RAR,-1,58,29
4,1,0,1,XARBUF,-1,58,28
21,0,1,CONSTRUCTGA,-1,58,27
21,0,1,CONSTRUCTGB,-1,58,26
21,0,1,EIGEN,-1,58,25
5,1,1,0,11,58,24
5,1,2,0,11,58,23
5,1,1,0,8,64,22
6,1,1,0,4,64,21
5,1,2,0,8,62,20
6,1,2,0,4,62,19
5,1,0,0,6,59,18
5,1,0,0,10,59,17
6,1,0,0,3,59,16
5,1,2,0,6,65,15
5,1,2,0,10,65,14
6,1,2,0,3,65,13
5,1,3,0,6,60,12
5,1,1,0,10,60,11
5,1,3,0,10,60,10
6,1,3,0,3,60,9
5,1,1,0,6,66,8
6,1,1,0,3,66,7
5,1,0,0,8,63,6
5,1,0,0,11,63,5
6,1,0,0,4,63,4
5,1,3,0,8,61,3
5,1,3,0,11,61,2
6,1,3,0,4,61,1
