1933
0
307
613
919
1225
1531
1837
2141
2447
2753
3059
3365
3671
3977
4285
4591
4893
5198
5504
5810
6114
6419
6725
7030
7337
7489
7641
7793
7947
8101
8407
8713
9019
9325
9628
9780
9932
10086
10238
10390
10542
10694
10846
10998
11150
11304
11457
11609
11762
11915
12068
12221
12374
12527
12677
12830
12983
13136
13288
13441
13594
13747
13900
14053
14206
14359
14512
14665
14818
14973
15278
15583
15886
16190
16493
16643
16795
16947
17251
17403
17556
17707
17859
18011
18163
18316
18469
18622
18775
20000
20611
21222
21831
22134
22439
22592
22896
23203
23355
23508
23810
24420
24723
24872
25027
25180
25486
25639
26250
26405
26558
26711
27016
27629
27934
28087
28698
28851
29001
29154
29303
29451
29601
29756
30060
30186
30492
30640
30942
31093
31246
31397
31546
31696
31999
32152
32759
32907
33052
33205
33358
33510
33632
33783
33938
34091
34241
34390
34466
34595
35206
35514
35669
35824
35979
36134
36289
36444
36599
36754
36907
37062
37210
37363
37518
37671
37826
37981
38134
38288
38443
38597
38743
38898
39051
39206
39357
39432
39585
39740
39895
40196
40349
40504
40654
40807
40962
41117
41270
41425
41573
41720
41875
42028
42183
42338
42488
42643
42796
42951
43088
43236
43389
43540
43693
43843
43998
44151
44297
44452
44602
44757
44910
45065
45220
45373
45523
45663
45815
45970
46118
46266
46414
46567
46872
47027
47182
47337
47490
47645
47798
47953
48108
48258
48408
48550
48705
48856
49008
49162
49313
49465
49618
49769
49916
50045
50175
50325
50478
50627
50782
50931
51084
51236
51387
51537
51687
51842
51919
52070
52225
52373
52526
52671
52821
52974
53125
53279
53430
53506
53657
53809
53964
54114
54268
54423
54578
54730
54880
55033
55180
55335
55446
55600
55753
55908
56061
56216
56366
56519
56670
56820
56975
57125
57278
57423
57576
57731
57886
58041
58196
58345
58500
58642
58796
58944
59094
59240
59395
59548
59703
59855
60008
60156
60309
60464
60619
60774
60924
61079
61209
61363
61439
61590
61745
61900
62054
62206
62356
62505
62660
62809
62959
63114
63267
63417
63572
63719
63874
64026
64176
64329
64484
64637
64788
64938
65088
65238
65393
65545
65699
65849
65997
66150
66305
66447
66601
66753
66908
67214
67362
67515
67665
67820
67975
68128
68283
68436
68591
68746
68899
69054
69209
69356
69511
69664
69819
69973
70126
70277
70432
70561
70715
70865
71011
71164
71319
71460
71767
71919
72070
72221
72374
72523
72664
72809
72961
73113
73259
73414
73568
73718
73870
74015
74170
74321
74472
74626
74779
74934
75089
75238
75393
75543
75696
75847
75989
76142
76294
76423
76573
76721
76873
77028
77176
77329
77481
77636
77785
77930
78081
78227
78379
78533
78686
78841
78994
79140
79293
79445
79600
79750
79901
80051
80206
80354
80504
80657
80812
80965
81120
81267
81417
81570
81725
81880
82035
82172
82322
82476
82627
82782
82937
83092
83247
83400
83555
83710
83865
84019
84168
84321
84476
84630
84782
84937
85092
85247
85400
85555
85703
85858
86013
86166
86321
86476
86623
86777
86932
87085
87240
87394
87547
87702
87857
88008
88158
88309
88456
88611
88764
88919
89071
89208
89362
89510
89660
89810
89963
90118
90269
90424
90577
90732
90882
91037
91192
91341
91494
91649
91804
91955
92110
92262
92416
92568
92723
92876
93024
93179
93329
93483
93638
93791
93946
94099
94254
94406
94557
94712
94858
95011
95166
95321
95474
95629
95774
95929
96079
96232
96387
96534
96687
96842
96997
97143
97294
97449
97594
97749
97901
98056
98208
98358
98511
98666
98813
98968
99121
99276
99428
99572
99722
99877
100030
100184
100338
100490
100641
100786
100939
101094
101249
101404
101557
101712
101866
102019
102174
102325
102478
102633
102788
102935
103088
103243
103394
103544
103697
103851
104004
104154
104307
104462
104614
104760
104910
105065
105213
105366
105521
105676
105823
105976
106131
106270
106419
106574
106729
106882
107037
107190
107345
107491
107644
107799
107954
108106
108225
108374
108524
108672
108827
108976
109126
109276
109431
109581
109734
109889
110044
110199
110352
110507
110662
110812
110965
111120
111275
111427
111572
111721
111871
112017
112170
112325
112480
112627
112780
112932
113082
113237
113388
113540
113695
113850
114001
114153
114308
114463
114618
114773
114928
115079
115231
115386
115538
115693
115838
115993
116143
116298
116451
116606
116761
116906
117061
117214
117369
117520
117675
117827
117982
118132
118287
118440
118595
118749
118896
119044
119197
119352
119507
119656
119809
119964
120119
120272
120427
120582
120733
120888
121196
121343
121496
121651
121806
121957
122112
122265
122420
122570
122725
122878
123033
123188
123343
123498
123644
123797
123952
124105
124260
124414
124567
124722
124877
125028
125180
125325
125480
125633
125788
125943
126098
126253
126402
126557
126708
126860
127015
127168
127323
127476
127621
127776
127929
128080
128235
128388
128543
128691
128846
128991
129143
129298
129453
129603
129753
129899
130054
130204
130359
130512
130665
130820
130975
131128
131283
131438
131593
131745
131899
132054
132209
132364
132518
132659
132814
132969
133124
133277
133432
133587
133742
133897
134051
134199
134353
134508
134661
134814
134968
135123
135278
135433
135586
135741
135896
136044
136199
136350
136505
136656
136811
136961
137111
137266
137419
137572
137722
137872
138024
138179
138324
138474
138627
138782
138937
139092
139241
139391
139544
139699
139854
139997
140149
140303
140450
140602
140757
140905
141060
141215
141365
141518
141673
141828
141974
142127
142282
142437
142592
142747
142897
143051
143204
143359
143514
143669
143824
143979
144134
144284
144439
144746
144901
145052
145206
145359
145514
145668
145823
145978
146132
146287
146442
146589
146734
146877
147031
147183
147338
147493
147648
147802
147954
148109
148264
148419
148572
148727
148880
149035
149185
149337
149492
149639
149794
149949
150104
150259
150414
150569
150719
150872
151027
151182
151337
151489
151641
151788
151935
152089
152244
152399
152549
152703
152858
153013
153168
153323
153478
153633
153788
153938
154093
154248
154403
154556
154711
154865
155018
155173
155328
155481
155636
155791
155946
156094
156247
156402
156557
156712
156861
157013
157168
157323
157476
157631
157777
157930
158085
158240
158387
158540
158695
158850
159001
159154
159309
159456
159611
159764
159919
160065
160218
160373
160528
160681
160826
160971
161123
161276
161431
161578
161733
161886
162041
162190
162342
162492
162647
162800
162955
163107
163262
163414
163569
163714
163864
164019
164172
164327
164477
164628
164783
164936
165091
165246
165401
165553
165708
165863
166013
166168
166321
166476
166631
166782
166935
167090
167245
167394
167549
167699
167854
168007
168162
168307
168462
168615
168770
168923
169064
169210
169363
169518
169673
169828
169982
170134
170289
170439
170594
170747
170897
171048
171198
171348
171499
171652
171803
171955
172102
172257
172407
172562
172715
172870
173020
173170
173321
173471
173621
173776
173927
174082
174233
174383
174536
174691
174846
175001
175148
175301
175456
175609
175764
175917
176072
176223
176376
176527
176682
176837
176987
177136
177288
177435
177583
177738
177888
178041
178196
178351
178501
178575
178728
178877
179032
179187
179342
179497
179652
179807
179962
180108
180260
180415
180570
180718
180873
181028
181183
181338
181493
181646
181801
181956
182101
182256
182406
182561
182714
182869
183024
183172
183327
183472
183627
183778
183928
184083
184233
184388
184541
184696
184851
185004
185159
185311
185463
185618
185773
185922
186077
186232
186385
186540
186691
186846
187001
187151
187304
187459
187601
187752
187907
188061
188216
188371
188526
188680
188828
188983
189291
189446
189591
189742
189894
190044
190197
190352
190507
190662
190813
190964
191117
191272
191427
191579
191731
191879
192024
192178
192330
192485
192625
192772
192927
193080
193235
193372
193524
193679
193829
193982
194137
194291
194443
194598
194753
194901
195056
195203
195358
195511
195666
195813
195966
196121
196276
196430
196583
196729
196884
197038
197184
197337
197492
197647
197802
197955
198110
198263
198418
198573
198723
198878
199033
199188
199333
199485
199640
199793
199948
200103
200255
200410
200564
200712
200857
201012
201165
201320
201473
201628
201782
201935
202090
202242
202397
202542
202697
202851
203006
203161
203316
203469
203624
203779
203932
204087
204242
204397
204550
204705
204849
205003
205155
205310
205460
205536
205617
205742
205896
206046
206201
206341
206489
206644
206794
206949
207102
207257
207410
207565
207716
208024
208179
208334
208488
208635
208789
208944
209097
209245
209395
209703
209853
210006
210161
210315
210470
210624
210775
210929
211083
211238
211391
211537
211690
211845
211999
212152
212307
212462
212617
212771
212925
213080
213235
213390
213538
213687
213994
214148
214300
214455
214602
214757
214904
215059
215209
215356
215511
215664
215819
215972
216127
216280
216435
216589
216736
216891
217045
217198
217353
217508
217663
217818
217973
218128
218283
218433
218586
218741
218896
219047
219200
219355
219507
219662
219814
219969
220123
220269
220422
220572
220725
220880
221035
221184
221336
221491
221641
221794
221949
222104
222257
222412
222560
222713
222868
223023
223176
223331
223486
223633
223788
223943
224098
224245
224387
224541
224691
224999
225154
225461
225616
225758
225912
226217
226370
226525
226679
226832
226986
227123
227277
227429
227584
227739
227892
228047
228192
228344
228498
228651
228806
228961
229108
229246
229398
229553
229707
229859
230014
230167
230321
230474
230624
230779
230930
231085
231240
231393
231547
231850
231997
232152
232301
232455
232608
232763
232916
233071
233226
233379
233534
233686
233837
233989
234144
234299
234454
234601
234756
234911
235056
235210
235362
235517
235672
235819
235970
236125
236277
236432
236586
236741
236893
237048
237200
237355
237500
237655
237810
237965
238110
238264
238416
238571
238725
238880
239033
239186
239341
239496
239651
239804
239955
240110
240255
240410
240563
240718
240866
241021
241173
241328
241618
241769
241919
242071
242226
242379
242534
242682
242837
242987
243140
243295
243448
243603
243756
243911
244065
244200
244347
244499
244654
244807
244962
245117
245271
245423
245578
245733
245881
246036
246189
246344
246499
246643
246793
246946
247101
247256
247410
247560
247713
247868
248023
248176
248331
248486
248639
248786
248941
249087
249241
249393
249548
249703
249858
250006
250161
250311
250466
250620
250774
251080
251222
251374
251529
251836
251990
252142
252297
252449
252604
252743
252895
253050
253204
253359
253514
253669
253824
253977
254132
254282
254436
254584
254739
254891
255031
255176
255330
255484
255639
255786
255939
256093
256246
256401
256555
256709
256863
257013
257168
257474
257629
257935
258088
258243
258396
258551
258698
258851
259006
259161
259314
259469
259621
259775
259924
260079
260385
260540
260695
260843
260996
261302
261457
261612
261918
262068
262223
262378
262529
262684
262990
263145
263290
263444
263597
263752
263906
264214
264358
264512
264664
264819
264974
265129
265280
265435
265590
265745
265900
266055
266200
266355
266510
266663
266818
266973
267127
267433
267587
267893
268048
268351
268654
268809
269115
269421
269571
269725
269868
270020
270175
270329
270477
270629
270784
270939
271094
271214
271368
271520
271675
271825
271980
272133
272288
272433
272588
272741
272896
273046
273201
273354
273509
273660
273813
273968
274123
274273
274579
274723
274875
275030
275184
275339
275487
275642
275795
275946
276099
276254
276409
276564
276717
276872
277023
277176
277331
277483
277631
277783
277938
278090
278245
278400
278529
278681
278834
278986
279139
279294
279449
279601
279756
279910
280216
280521
280676
280831
280980
281132
281287
281440
281595
281746
281901
282053
282208
282347
282497
282652
282805
282960
283114
283265
283417
283572
283727
283880
284035
284183
284338
284489
284642
284797
284952
285097
285250
285405
285560
285707
285858
286013
286321
286476
286623
286778
286925
287078
287233
287388
287534
287687
287842
287997
288089
288243
288396
288551
288704
288859
289009
289164
289306
289460
289613
289764
289919
290072
290227
290374
290529
290684
290837
290992
291136
291290
291438
291588
291743
291893
292046
292201
292356
292511
292660
292815
292965
293120
293273
293428
293580
293735
293876
294029
294184
294338
294491
294646
294792
294947
295095
295250
295403
295558
295859
296012
296167
296316
296471
296621
296776
296927
297082
297388
297538
297693
297845
298000
298150
298305
298458
298613
298758
299065
299219
299370
299523
299678
299833
299988
300140
300291
300445
300598
300750
300904
301058
301213
301368
301521
301674
301828
301983
302133
302284
302434
302584
302739
302894
303045
303198
303348
303503
303656
303809
303964
304119
304269
304424
304574
304729
304879
305034
305189
305339
305489
305644
305799
305949
306104
306254
306404
306559
306714
306864
307019
307171
307324
307477
307630
307783
307936
308090
308245
308395
308545
308695
308845
309000
309155
309305
309460
309610
309765
309920
310070
310220
310370
310525
310675
310830
310985
311135
311290
311440
311590
311745
311895
