443
22,0,1,_AX,-1,0,443
22,0,1,_X,-1,0,442
22,0,1,_X,-1,0,441
22,0,1,_AX,-1,0,440
22,0,1,_X,-1,0,439
22,0,1,_AX,-1,0,438
22,0,1,_X,-1,0,437
22,0,1,_AX,-1,0,436
22,0,1,_X,-1,0,435
22,0,1,_AX,-1,0,434
22,0,1,_lambda,-1,0,433
5,1,4,0,1,0,432
9,1,4,0,1,0,431
10,1,4,0,-1,0,430
11,2,4,4,0,-1,0,429
5,1,7,0,1,0,428
9,1,7,0,1,0,427
10,1,7,0,-1,0,426
11,2,7,7,0,-1,0,425
5,1,8,0,1,0,424
9,1,8,0,1,0,423
10,1,8,0,-1,0,422
11,2,8,8,0,-1,0,421
5,1,11,0,1,0,420
5,1,12,0,1,0,419
9,1,12,0,1,0,418
10,1,12,0,-1,0,417
11,2,12,12,0,-1,0,416
1,0,1,RN,-1,1,415
22,0,1,_AX,-1,1,414
22,0,1,_AX,-1,1,413
22,0,1,_X,-1,1,412
5,1,10,0,1,1,411
9,1,10,0,1,1,410
10,1,10,0,-1,1,409
11,2,10,10,0,-1,1,408
22,0,1,_AX,-1,1,407
22,0,1,_X,-1,1,406
5,1,9,0,1,1,405
9,1,9,0,1,1,404
10,1,9,0,-1,1,403
11,2,9,9,0,-1,1,402
22,0,1,_AX,-1,1,401
22,0,1,_X,-1,1,400
5,1,6,0,1,1,399
9,1,6,0,1,1,398
10,1,6,0,-1,1,397
11,2,6,6,0,-1,1,396
22,0,1,_AX,-1,1,395
22,0,1,_X,-1,1,394
5,1,5,0,1,1,393
9,1,5,0,1,1,392
10,1,5,0,-1,1,391
11,2,5,5,0,-1,1,390
22,0,1,_AX,-1,1,389
22,0,1,_AX,-1,1,388
9,1,11,0,1,2,387
10,1,11,0,-1,2,386
11,2,11,11,0,-1,2,385
22,0,1,_X,-1,2,384
5,1,3,0,1,2,383
9,1,3,0,1,2,382
10,1,3,0,-1,2,381
11,2,3,3,0,-1,2,380
22,0,1,_AX,-1,2,379
22,0,1,_X,-1,2,378
5,1,2,0,1,2,377
9,1,2,0,1,2,376
10,1,2,0,-1,2,375
11,2,2,2,0,-1,2,374
22,0,1,_X,-1,2,373
5,1,1,0,1,2,372
9,1,1,0,1,2,371
10,1,1,0,-1,2,370
11,2,1,1,0,-1,2,369
22,0,1,_X,-1,2,368
5,1,0,0,1,2,367
9,1,0,0,1,2,366
10,1,0,0,-1,2,365
11,2,0,0,0,-1,2,364
12,0,1,RNBUF,-1,2,363
13,0,1,RN,-1,2,362
1,0,1,actMask,-1,2,361
20,0,1,actMask,-1,3,360
14,1,3,0,1,3,359
3,2,3,3,0,1,3,358
14,1,7,0,1,3,357
3,2,7,7,0,1,3,356
14,1,8,0,1,3,355
3,2,8,8,0,1,3,354
14,1,9,0,1,3,353
3,2,9,9,0,1,3,352
14,1,10,0,1,3,351
3,2,10,10,0,1,3,350
14,1,11,0,1,3,349
3,2,11,11,0,1,3,348
14,1,12,0,1,3,347
3,2,12,12,0,1,3,346
14,1,0,0,1,4,345
3,2,0,0,0,1,4,344
14,1,1,0,1,4,343
3,2,1,1,0,1,4,342
14,1,2,0,1,4,341
3,2,2,2,0,1,4,340
14,1,4,0,1,4,339
3,2,4,4,0,1,4,338
14,1,5,0,1,4,337
3,2,5,5,0,1,4,336
14,1,6,0,1,4,335
3,2,6,6,0,1,4,334
4,1,0,1,temp2BUF,-1,4,333
5,1,0,0,2,4,332
9,1,0,0,2,5,331
3,2,0,0,0,2,5,330
5,1,1,0,2,5,329
9,1,1,0,2,5,328
3,2,1,1,0,2,5,327
5,1,2,0,2,5,326
9,1,2,0,2,5,325
3,2,2,2,0,2,5,324
5,1,3,0,2,5,323
9,1,3,0,2,5,322
3,2,3,3,0,2,5,321
5,1,4,0,2,5,320
9,1,4,0,2,5,319
3,2,4,4,0,2,5,318
5,1,5,0,2,5,317
9,1,5,0,2,5,316
3,2,5,5,0,2,5,315
5,1,7,0,2,5,314
5,1,8,0,2,5,313
9,1,8,0,2,5,312
3,2,8,8,0,2,5,311
5,1,9,0,2,5,310
9,1,9,0,2,5,309
3,2,9,9,0,2,5,308
5,1,10,0,2,5,307
9,1,10,0,2,5,306
3,2,10,10,0,2,5,305
5,1,12,0,2,5,304
9,1,12,0,2,6,303
3,2,12,12,0,2,6,302
9,1,7,0,2,6,301
3,2,7,7,0,2,6,300
5,1,6,0,2,6,299
9,1,6,0,2,6,298
3,2,6,6,0,2,6,297
5,1,11,0,2,6,296
9,1,11,0,2,6,295
3,2,11,11,0,2,6,294
4,1,0,1,RBRBUF,-1,6,293
17,0,1,RBR,-1,6,292
18,0,1,RBR,-1,6,291
5,1,2,0,3,6,290
5,1,4,0,3,6,289
5,1,5,0,3,6,288
5,1,6,0,3,6,287
5,1,7,0,3,6,286
7,1,7,0,1,6,285
8,1,7,0,1,6,284
3,2,7,7,0,4,6,283
5,1,8,0,3,6,282
5,1,9,0,3,6,281
5,1,11,0,3,6,280
5,1,12,0,3,6,279
7,1,12,0,1,6,278
8,1,12,0,1,6,277
3,2,12,12,0,4,6,276
7,1,11,0,1,7,275
8,1,11,0,1,7,274
3,2,11,11,0,4,7,273
7,1,9,0,1,7,272
8,1,9,0,1,7,271
3,2,9,9,0,4,7,270
7,1,6,0,1,7,269
8,1,6,0,1,7,268
3,2,6,6,0,4,7,267
7,1,5,0,1,7,266
8,1,5,0,1,7,265
3,2,5,5,0,4,7,264
7,1,2,0,1,7,263
8,1,2,0,1,7,262
3,2,2,2,0,4,7,261
5,1,3,0,3,7,260
7,1,3,0,1,7,259
8,1,3,0,1,7,258
3,2,3,3,0,4,7,257
19,1,2,0,1,7,256
2,3,2,2,0,0,-1,7,255
2,3,2,3,0,0,-1,7,254
19,1,0,0,1,7,253
2,3,0,2,0,0,-1,7,252
2,3,0,3,0,0,-1,7,251
2,3,0,5,0,0,-1,7,250
2,3,0,6,0,0,-1,7,249
7,1,4,0,1,8,248
2,3,0,4,0,0,-1,8,247
8,1,4,0,1,8,246
3,2,4,4,0,4,8,245
5,1,0,0,3,8,244
7,1,0,0,1,8,243
2,3,0,0,0,0,-1,8,242
2,3,2,0,0,0,-1,8,241
8,1,0,0,1,8,240
3,2,0,0,0,4,8,239
5,1,1,0,3,8,238
7,1,1,0,1,8,237
2,3,0,1,0,0,-1,8,236
3,2,0,0,0,5,8,235
2,3,2,1,0,0,-1,8,234
3,2,2,2,0,5,8,233
8,1,1,0,1,8,232
3,2,1,1,0,4,8,231
19,1,1,0,1,8,230
2,3,1,0,0,0,-1,8,229
2,3,1,1,0,0,-1,8,228
2,3,1,2,0,0,-1,8,227
2,3,1,3,0,0,-1,8,226
2,3,1,4,0,0,-1,8,225
2,3,1,5,0,0,-1,8,224
2,3,1,6,0,0,-1,8,223
3,2,1,1,0,5,8,222
7,1,8,0,1,9,221
3,2,8,8,0,4,9,220
5,1,10,0,3,9,219
7,1,10,0,1,9,218
3,2,10,10,0,4,9,217
19,1,10,0,1,9,216
2,3,10,3,0,0,-1,9,215
2,3,10,4,0,0,-1,9,214
2,3,10,5,0,0,-1,9,213
2,3,10,6,0,0,-1,9,212
2,3,10,7,0,0,-1,9,211
2,3,10,8,0,0,-1,9,210
2,3,10,9,0,0,-1,9,209
2,3,10,10,0,0,-1,9,208
2,3,10,11,0,0,-1,9,207
2,3,10,12,0,0,-1,9,206
3,2,10,10,0,5,9,205
19,1,8,0,1,9,204
2,3,8,3,0,0,-1,9,203
2,3,8,4,0,0,-1,9,202
2,3,8,5,0,0,-1,9,201
2,3,8,6,0,0,-1,9,200
2,3,8,7,0,0,-1,9,199
2,3,8,8,0,0,-1,9,198
2,3,8,9,0,0,-1,9,197
2,3,8,10,0,0,-1,9,196
2,3,8,11,0,0,-1,9,195
2,3,8,12,0,0,-1,9,194
3,2,8,8,0,5,9,193
19,1,7,0,1,9,192
2,3,7,3,0,0,-1,9,191
2,3,7,4,0,0,-1,9,190
2,3,7,5,0,0,-1,9,189
2,3,7,6,0,0,-1,9,188
2,3,7,7,0,0,-1,9,187
2,3,7,8,0,0,-1,9,186
2,3,7,9,0,0,-1,9,185
2,3,7,10,0,0,-1,9,184
2,3,7,11,0,0,-1,9,183
2,3,7,12,0,0,-1,9,182
3,2,7,7,0,5,9,181
19,1,3,0,1,9,180
2,3,3,0,0,0,-1,9,179
2,3,3,1,0,0,-1,9,178
2,3,3,2,0,0,-1,9,177
2,3,3,3,0,0,-1,9,176
2,3,3,4,0,0,-1,9,175
2,3,3,5,0,0,-1,9,174
2,3,3,6,0,0,-1,9,173
2,3,3,7,0,0,-1,9,172
2,3,3,8,0,0,-1,9,171
2,3,3,9,0,0,-1,9,170
2,3,3,10,0,0,-1,9,169
2,3,3,11,0,0,-1,9,168
2,3,3,12,0,0,-1,9,167
3,2,3,3,0,5,9,166
8,1,10,0,1,10,165
8,1,8,0,1,10,164
19,1,9,0,1,10,163
2,3,9,3,0,0,-1,10,162
2,3,9,4,0,0,-1,10,161
2,3,9,5,0,0,-1,10,160
2,3,9,6,0,0,-1,10,159
2,3,9,7,0,0,-1,10,158
2,3,9,8,0,0,-1,10,157
2,3,9,9,0,0,-1,10,156
2,3,9,10,0,0,-1,10,155
2,3,9,11,0,0,-1,10,154
2,3,9,12,0,0,-1,10,153
3,2,9,9,0,5,10,152
19,1,6,0,1,10,151
2,3,6,0,0,0,-1,10,150
2,3,6,1,0,0,-1,10,149
2,3,6,3,0,0,-1,10,148
2,3,6,4,0,0,-1,10,147
2,3,6,5,0,0,-1,10,146
2,3,6,6,0,0,-1,10,145
2,3,6,7,0,0,-1,10,144
2,3,6,8,0,0,-1,10,143
2,3,6,9,0,0,-1,10,142
2,3,6,10,0,0,-1,10,141
2,3,6,11,0,0,-1,10,140
2,3,6,12,0,0,-1,10,139
3,2,6,6,0,5,10,138
19,1,5,0,1,10,137
2,3,5,0,0,0,-1,10,136
2,3,5,1,0,0,-1,10,135
2,3,5,3,0,0,-1,10,134
2,3,5,4,0,0,-1,10,133
2,3,5,5,0,0,-1,10,132
2,3,5,6,0,0,-1,10,131
2,3,5,7,0,0,-1,10,130
2,3,5,8,0,0,-1,10,129
2,3,5,9,0,0,-1,10,128
2,3,5,10,0,0,-1,10,127
2,3,5,11,0,0,-1,10,126
2,3,5,12,0,0,-1,10,125
3,2,5,5,0,5,10,124
19,1,4,0,1,10,123
2,3,4,0,0,0,-1,10,122
2,3,4,1,0,0,-1,10,121
2,3,4,3,0,0,-1,10,120
2,3,4,4,0,0,-1,10,119
2,3,4,5,0,0,-1,10,118
2,3,4,6,0,0,-1,10,117
2,3,4,7,0,0,-1,10,116
2,3,4,8,0,0,-1,10,115
2,3,4,9,0,0,-1,10,114
2,3,4,10,0,0,-1,10,113
2,3,4,11,0,0,-1,10,112
2,3,4,12,0,0,-1,10,111
3,2,4,4,0,5,10,110
19,1,12,0,1,11,109
2,3,12,3,0,0,-1,11,108
2,3,12,4,0,0,-1,11,107
2,3,12,5,0,0,-1,11,106
2,3,12,6,0,0,-1,11,105
2,3,12,7,0,0,-1,11,104
2,3,12,8,0,0,-1,11,103
2,3,12,9,0,0,-1,11,102
2,3,12,10,0,0,-1,11,101
2,3,12,11,0,0,-1,11,100
2,3,12,12,0,0,-1,11,99
3,2,12,12,0,5,11,98
19,1,11,0,1,11,97
2,3,11,3,0,0,-1,11,96
2,3,11,4,0,0,-1,11,95
2,3,11,5,0,0,-1,11,94
2,3,11,6,0,0,-1,11,93
2,3,11,7,0,0,-1,11,92
2,3,11,8,0,0,-1,11,91
2,3,11,9,0,0,-1,11,90
2,3,11,10,0,0,-1,11,89
2,3,11,11,0,0,-1,11,88
2,3,11,12,0,0,-1,11,87
3,2,11,11,0,5,11,86
4,1,0,1,RARBUF,-1,11,85
15,0,1,RAR,-1,11,84
16,0,1,RAR,-1,11,83
4,1,0,1,XARBUF,-1,12,82
21,0,1,CONSTRUCTGA,-1,12,81
21,0,1,CONSTRUCTGB,-1,12,80
21,0,1,EIGEN,-1,12,79
5,1,4,0,6,12,78
5,1,7,0,6,12,77
5,1,9,0,6,12,76
5,1,12,0,8,12,75
5,1,4,0,10,12,74
6,1,4,0,3,12,73
5,1,6,0,10,12,72
5,1,7,0,10,12,71
6,1,7,0,3,12,70
5,1,9,0,10,12,69
6,1,9,0,3,12,68
5,1,5,0,6,17,67
5,1,8,0,6,17,66
5,1,4,0,8,17,65
5,1,6,0,8,17,64
5,1,5,0,10,17,63
6,1,5,0,3,17,62
5,1,8,0,10,17,61
6,1,8,0,3,17,60
5,1,4,0,11,17,59
6,1,4,0,4,17,58
5,1,6,0,11,17,57
6,1,6,0,4,17,56
5,1,0,0,6,14,55
5,1,10,0,6,14,54
5,1,3,0,8,14,53
5,1,7,0,8,14,52
5,1,9,0,8,14,51
5,1,0,0,10,14,50
6,1,0,0,3,14,49
5,1,10,0,10,14,48
6,1,10,0,3,14,47
5,1,3,0,11,14,46
6,1,3,0,4,14,45
5,1,7,0,11,14,44
6,1,7,0,4,14,43
5,1,9,0,11,14,42
6,1,9,0,4,14,41
5,1,2,0,6,16,40
5,1,3,0,6,16,39
5,1,0,0,8,16,38
5,1,8,0,8,16,37
5,1,10,0,8,16,36
5,1,2,0,10,16,35
6,1,2,0,3,16,34
5,1,3,0,10,16,33
6,1,3,0,3,16,32
5,1,0,0,11,16,31
6,1,0,0,4,16,30
5,1,8,0,11,16,29
6,1,8,0,4,16,28
5,1,10,0,11,16,27
6,1,10,0,4,16,26
5,1,1,0,6,13,25
5,1,6,0,6,13,24
6,1,6,0,3,13,23
5,1,11,0,6,13,22
5,1,12,0,6,13,21
5,1,11,0,8,13,20
5,1,1,0,10,13,19
6,1,1,0,3,13,18
5,1,11,0,10,13,17
6,1,11,0,3,13,16
5,1,12,0,10,13,15
6,1,12,0,3,13,14
5,1,11,0,11,13,13
6,1,11,0,4,13,12
5,1,1,0,8,15,11
5,1,2,0,8,15,10
5,1,5,0,8,15,9
5,1,1,0,11,15,8
6,1,1,0,4,15,7
5,1,2,0,11,15,6
6,1,2,0,4,15,5
5,1,5,0,11,15,4
6,1,5,0,4,15,3
5,1,12,0,11,15,2
6,1,12,0,4,15,1
