371
22,0,1,_X,-1,0,371
22,0,1,_X,-1,0,370
22,0,1,_AX,-1,0,369
22,0,1,_X,-1,0,368
22,0,1,_lambda,-1,0,367
5,1,3,0,1,0,366
9,1,3,0,1,0,365
10,1,3,0,-1,0,364
11,2,3,3,0,-1,0,363
5,1,5,0,1,0,362
5,1,6,0,1,0,361
22,0,1,_AX,-1,1,360
22,0,1,_X,-1,1,359
5,1,4,0,1,1,358
9,1,4,0,1,1,357
10,1,4,0,-1,1,356
11,2,4,4,0,-1,1,355
22,0,1,_AX,-1,1,354
22,0,1,_X,-1,1,353
5,1,1,0,1,1,352
9,1,1,0,1,1,351
10,1,1,0,-1,1,350
11,2,1,1,0,-1,1,349
1,0,1,RN,-1,2,348
22,0,1,_AX,-1,2,347
9,1,6,0,1,2,346
10,1,6,0,-1,2,345
11,2,6,6,0,-1,2,344
22,0,1,_AX,-1,2,343
9,1,5,0,1,2,342
10,1,5,0,-1,2,341
11,2,5,5,0,-1,2,340
22,0,1,_AX,-1,2,339
22,0,1,_X,-1,2,338
5,1,2,0,1,2,337
9,1,2,0,1,2,336
10,1,2,0,-1,2,335
11,2,2,2,0,-1,2,334
22,0,1,_AX,-1,2,333
22,0,1,_X,-1,2,332
5,1,0,0,1,2,331
9,1,0,0,1,2,330
10,1,0,0,-1,2,329
11,2,0,0,0,-1,2,328
12,0,1,RNBUF,-1,2,327
13,0,1,RN,-1,2,326
1,0,1,actMask,-1,2,325
20,0,1,actMask,-1,3,324
14,1,0,0,1,3,323
3,2,0,0,0,1,3,322
14,1,2,0,1,3,321
3,2,2,2,0,1,3,320
14,1,4,0,1,3,319
3,2,4,4,0,1,3,318
14,1,5,0,1,3,317
3,2,5,5,0,1,3,316
14,1,6,0,1,3,315
3,2,6,6,0,1,3,314
14,1,1,0,1,4,313
3,2,1,1,0,1,4,312
14,1,3,0,1,4,311
3,2,3,3,0,1,4,310
4,1,0,1,temp2BUF,-1,4,309
5,1,0,0,2,4,308
5,1,4,0,2,4,307
9,1,4,0,2,4,306
3,2,4,4,0,2,4,305
5,1,6,0,2,4,304
9,1,6,0,2,4,303
3,2,6,6,0,2,4,302
5,1,1,0,2,5,301
9,1,1,0,2,5,300
3,2,1,1,0,2,5,299
5,1,2,0,2,5,298
9,1,2,0,2,5,297
3,2,2,2,0,2,5,296
5,1,3,0,2,5,295
9,1,3,0,2,5,294
3,2,3,3,0,2,5,293
5,1,5,0,2,5,292
9,1,5,0,2,5,291
3,2,5,5,0,2,5,290
9,1,0,0,2,6,289
3,2,0,0,0,2,6,288
4,1,0,1,RBRBUF,-1,6,287
17,0,1,RBR,-1,6,286
18,0,1,RBR,-1,6,285
5,1,0,0,3,6,284
5,1,1,0,3,6,283
5,1,2,0,3,6,282
5,1,3,0,3,6,281
5,1,4,0,3,6,280
5,1,5,0,3,6,279
5,1,6,0,3,6,278
22,0,1,_P,-1,7,277
14,1,6,0,2,7,276
3,2,6,6,0,3,7,275
22,0,1,_P,-1,7,274
14,1,5,0,2,7,273
3,2,5,5,0,3,7,272
22,0,1,_P,-1,7,271
14,1,4,0,2,7,270
3,2,4,4,0,3,7,269
22,0,1,_P,-1,7,268
14,1,3,0,2,7,267
3,2,3,3,0,3,7,266
22,0,1,_P,-1,7,265
14,1,2,0,2,7,264
3,2,2,2,0,3,7,263
22,0,1,_P,-1,7,262
14,1,1,0,2,7,261
3,2,1,1,0,3,7,260
22,0,1,_P,-1,7,259
14,1,0,0,2,7,258
3,2,0,0,0,3,7,257
4,1,0,1,PBPBUF,-1,7,256
17,0,1,PBP,-1,7,255
18,0,1,PBP,-1,8,254
5,1,0,0,4,8,253
7,1,0,0,2,8,252
3,2,0,0,0,6,8,251
3,2,0,0,0,9,8,250
5,1,5,0,4,8,249
7,1,5,0,2,8,248
8,1,5,0,2,8,247
3,2,5,5,0,6,8,246
3,2,5,5,0,9,8,245
22,0,1,_AP,-1,8,244
14,1,6,0,3,8,243
5,1,6,0,5,8,242
8,1,0,0,2,10,241
7,1,3,0,1,10,240
8,1,3,0,1,10,239
3,2,3,3,0,4,10,238
7,1,2,0,1,10,237
3,2,2,2,0,4,10,236
7,1,1,0,1,10,235
3,2,1,1,0,4,10,234
19,1,5,0,1,10,233
2,3,5,1,0,0,-1,10,232
2,3,5,2,0,0,-1,10,231
2,3,5,3,0,0,-1,10,230
5,1,3,0,4,18,229
7,1,3,0,2,18,228
8,1,3,0,2,18,227
3,2,3,3,0,6,18,226
3,2,3,3,0,10,18,225
22,0,1,_AP,-1,18,224
14,1,3,0,3,18,223
5,1,3,0,5,18,222
7,1,3,0,3,18,221
8,1,3,0,3,18,220
3,2,3,3,0,8,18,219
7,1,0,0,1,11,218
8,1,0,0,1,11,217
3,2,0,0,0,4,11,216
3,2,0,0,0,10,11,215
19,1,0,0,1,11,214
2,3,0,0,0,0,-1,11,213
2,3,0,1,0,0,-1,11,212
2,3,0,2,0,0,-1,11,211
2,3,0,3,0,0,-1,11,210
3,2,0,0,0,5,11,209
3,2,0,0,0,7,11,208
7,1,6,0,3,9,207
8,1,6,0,3,9,206
5,1,6,0,4,9,205
7,1,6,0,2,9,204
8,1,6,0,2,9,203
3,2,6,6,0,6,9,202
3,2,6,6,0,8,9,201
3,2,6,6,0,9,9,200
7,1,6,0,1,9,199
3,2,6,6,0,4,9,198
3,2,6,6,0,10,9,197
2,3,5,6,0,0,-1,12,196
7,1,5,0,1,12,195
2,3,5,5,0,0,-1,12,194
8,1,5,0,1,12,193
3,2,5,5,0,4,12,192
3,2,5,5,0,10,12,191
7,1,4,0,1,12,190
2,3,5,4,0,0,-1,12,189
3,2,5,5,0,5,12,188
3,2,5,5,0,7,12,187
8,1,4,0,1,12,186
3,2,4,4,0,4,12,185
5,1,1,0,4,19,184
19,1,3,0,1,19,183
2,3,3,0,0,0,-1,19,182
2,3,3,1,0,0,-1,19,181
2,3,3,2,0,0,-1,19,180
2,3,3,3,0,0,-1,19,179
2,3,3,4,0,0,-1,19,178
2,3,3,5,0,0,-1,19,177
2,3,3,6,0,0,-1,19,176
3,2,3,3,0,5,19,175
3,2,3,3,0,7,19,174
8,1,6,0,1,13,173
19,1,6,0,1,13,172
2,3,6,1,0,0,-1,13,171
2,3,6,2,0,0,-1,13,170
2,3,6,3,0,0,-1,13,169
2,3,6,4,0,0,-1,13,168
2,3,6,5,0,0,-1,13,167
2,3,6,6,0,0,-1,13,166
3,2,6,6,0,5,13,165
3,2,6,6,0,7,13,164
5,1,4,0,4,16,163
7,1,4,0,2,16,162
8,1,4,0,2,16,161
3,2,4,4,0,6,16,160
3,2,4,4,0,10,16,159
22,0,1,_AP,-1,16,158
14,1,4,0,3,16,157
5,1,4,0,5,16,156
7,1,4,0,3,16,155
8,1,4,0,3,16,154
3,2,4,4,0,8,16,153
5,1,2,0,4,15,152
7,1,2,0,2,15,151
8,1,2,0,2,15,150
3,2,2,2,0,6,15,149
22,0,1,_AP,-1,15,148
14,1,2,0,3,15,147
5,1,2,0,5,15,146
7,1,2,0,3,15,145
8,1,2,0,3,15,144
3,2,2,2,0,8,15,143
22,0,1,_AP,-1,15,142
14,1,1,0,3,15,141
5,1,1,0,5,17,140
7,1,1,0,3,17,139
8,1,1,0,3,17,138
19,1,4,0,1,17,137
2,3,4,1,0,0,-1,17,136
2,3,4,2,0,0,-1,17,135
2,3,4,3,0,0,-1,17,134
2,3,4,4,0,0,-1,17,133
2,3,4,5,0,0,-1,17,132
2,3,4,6,0,0,-1,17,131
3,2,4,4,0,5,17,130
3,2,4,4,0,7,17,129
7,1,1,0,2,20,128
8,1,1,0,2,20,127
3,2,1,1,0,8,20,126
19,1,1,0,1,20,125
2,3,1,0,0,0,-1,20,124
2,3,1,1,0,0,-1,20,123
2,3,1,2,0,0,-1,20,122
2,3,1,3,0,0,-1,20,121
2,3,1,4,0,0,-1,20,120
2,3,1,5,0,0,-1,20,119
2,3,1,6,0,0,-1,20,118
3,2,1,1,0,5,20,117
3,2,1,1,0,7,20,116
3,2,1,1,0,6,21,115
19,1,2,0,1,21,114
2,3,2,0,0,0,-1,21,113
2,3,2,1,0,0,-1,21,112
2,3,2,2,0,0,-1,21,111
2,3,2,3,0,0,-1,21,110
2,3,2,4,0,0,-1,21,109
2,3,2,5,0,0,-1,21,108
2,3,2,6,0,0,-1,21,107
3,2,2,2,0,5,21,106
3,2,2,2,0,7,21,105
22,0,1,_AP,-1,14,104
14,1,5,0,3,14,103
5,1,5,0,5,14,102
7,1,5,0,3,14,101
8,1,5,0,3,14,100
3,2,5,5,0,8,14,99
22,0,1,_AP,-1,14,98
14,1,0,0,3,14,97
5,1,0,0,5,14,96
7,1,0,0,3,14,95
8,1,0,0,3,14,94
3,2,0,0,0,8,14,93
4,1,0,1,PAPBUF,-1,22,92
16,0,1,PAP,-1,22,91
4,1,0,1,RAPBUF,-1,22,90
3,2,1,1,0,9,22,89
3,2,1,1,0,10,22,88
3,2,2,2,0,9,22,87
3,2,2,2,0,10,22,86
4,1,0,1,RBPBUF,-1,22,85
3,2,4,4,0,9,22,84
3,2,3,3,0,9,22,83
4,1,0,1,XBPBUF,-1,22,82
21,0,1,CONSTRUCTGB,-1,23,81
4,1,0,1,RARBUF,-1,23,80
15,0,1,RAR,-1,23,79
16,0,1,RAR,-1,23,78
4,1,0,1,XAPBUF,-1,23,77
4,1,0,1,XARBUF,-1,23,76
21,0,1,CONSTRUCTGA1,-1,23,75
21,0,1,CONSTRUCTGA2,-1,23,74
21,0,1,EIGEN,-1,23,73
5,1,6,0,8,23,72
5,1,6,0,9,23,71
6,1,6,0,2,23,70
5,1,1,0,6,31,69
5,1,1,0,7,31,68
6,1,1,0,1,31,67
5,1,1,0,10,31,66
6,1,1,0,3,31,65
5,1,3,0,6,26,64
5,1,3,0,7,26,63
6,1,3,0,1,26,62
5,1,3,0,10,26,61
6,1,3,0,3,26,60
5,1,4,0,6,24,59
5,1,4,0,7,24,58
6,1,4,0,1,24,57
5,1,4,0,10,24,56
6,1,4,0,3,24,55
5,1,5,0,6,27,54
5,1,5,0,7,27,53
6,1,5,0,1,27,52
5,1,5,0,10,27,51
6,1,5,0,3,27,50
8,1,2,0,1,27,49
5,1,2,0,6,28,48
5,1,2,0,7,28,47
6,1,2,0,1,28,46
5,1,1,0,8,28,45
5,1,1,0,9,28,44
6,1,1,0,2,28,43
5,1,2,0,10,28,42
6,1,2,0,3,28,41
5,1,1,0,11,28,40
6,1,1,0,4,28,39
5,1,2,0,8,34,38
5,1,2,0,9,34,37
6,1,2,0,2,34,36
5,1,2,0,11,34,35
6,1,2,0,4,34,34
5,1,3,0,8,33,33
5,1,3,0,9,33,32
6,1,3,0,2,33,31
5,1,3,0,11,33,30
6,1,3,0,4,33,29
8,1,1,0,1,33,28
5,1,5,0,8,29,27
5,1,4,0,9,29,26
5,1,5,0,9,29,25
6,1,5,0,2,29,24
5,1,5,0,11,29,23
6,1,5,0,4,29,22
5,1,0,0,6,30,21
5,1,0,0,7,30,20
6,1,0,0,1,30,19
5,1,4,0,8,30,18
6,1,4,0,2,30,17
5,1,4,0,11,30,16
6,1,4,0,4,30,15
5,1,0,0,8,32,14
5,1,0,0,9,32,13
6,1,0,0,2,32,12
5,1,0,0,10,32,11
6,1,0,0,3,32,10
5,1,0,0,11,32,9
6,1,0,0,4,32,8
5,1,6,0,6,25,7
5,1,6,0,7,25,6
6,1,6,0,1,25,5
5,1,6,0,10,25,4
6,1,6,0,3,25,3
5,1,6,0,11,25,2
6,1,6,0,4,25,1
