221
1,0,1,RN,-1,0,221
22,0,1,_X,-1,0,220
22,0,1,_X,-1,0,219
22,0,1,_AX,-1,0,218
22,0,1,_X,-1,0,217
22,0,1,_X,-1,0,216
22,0,1,_lambda,-1,0,215
5,1,1,0,1,0,214
5,1,2,0,1,0,213
9,1,2,0,1,0,212
10,1,2,0,-1,0,211
11,2,2,2,0,-1,0,210
5,1,4,0,1,0,209
5,1,6,0,1,0,208
22,0,1,_AX,-1,1,207
9,1,6,0,1,1,206
10,1,6,0,-1,1,205
11,2,6,6,0,-1,1,204
22,0,1,_AX,-1,1,203
9,1,1,0,1,1,202
10,1,1,0,-1,1,201
11,2,1,1,0,-1,1,200
22,0,1,_AX,-1,1,199
22,0,1,_X,-1,1,198
5,1,0,0,1,1,197
9,1,0,0,1,1,196
10,1,0,0,-1,1,195
11,2,0,0,0,-1,1,194
22,0,1,_AX,-1,2,193
22,0,1,_X,-1,2,192
5,1,5,0,1,2,191
9,1,5,0,1,2,190
10,1,5,0,-1,2,189
11,2,5,5,0,-1,2,188
22,0,1,_AX,-1,2,187
22,0,1,_AX,-1,2,186
22,0,1,_X,-1,2,185
5,1,3,0,1,2,184
9,1,3,0,1,2,183
10,1,3,0,-1,2,182
11,2,3,3,0,-1,2,181
9,1,4,0,1,3,180
10,1,4,0,-1,3,179
11,2,4,4,0,-1,3,178
12,0,1,RNBUF,-1,3,177
13,0,1,RN,-1,3,176
1,0,1,actMask,-1,3,175
20,0,1,actMask,-1,3,174
14,1,0,0,1,3,173
3,2,0,0,0,1,3,172
14,1,3,0,1,3,171
3,2,3,3,0,1,3,170
14,1,4,0,1,3,169
3,2,4,4,0,1,3,168
14,1,5,0,1,3,167
3,2,5,5,0,1,3,166
14,1,1,0,1,4,165
3,2,1,1,0,1,4,164
14,1,2,0,1,4,163
3,2,2,2,0,1,4,162
14,1,6,0,1,4,161
3,2,6,6,0,1,4,160
4,1,0,1,temp2BUF,-1,4,159
5,1,2,0,2,4,158
9,1,2,0,2,4,157
3,2,2,2,0,2,4,156
5,1,6,0,2,4,155
9,1,6,0,2,4,154
3,2,6,6,0,2,4,153
5,1,0,0,2,5,152
9,1,0,0,2,5,151
3,2,0,0,0,2,5,150
5,1,1,0,2,5,149
9,1,1,0,2,5,148
3,2,1,1,0,2,5,147
5,1,3,0,2,5,146
9,1,3,0,2,5,145
3,2,3,3,0,2,5,144
5,1,4,0,2,5,143
9,1,4,0,2,5,142
3,2,4,4,0,2,5,141
21,0,1,CONSTRUCTGB,-1,5,140
5,1,5,0,2,6,139
9,1,5,0,2,6,138
3,2,5,5,0,2,6,137
4,1,0,1,RBRBUF,-1,6,136
17,0,1,RBR,-1,6,135
18,0,1,RBR,-1,6,134
5,1,0,0,3,6,133
5,1,3,0,3,6,132
5,1,4,0,3,6,131
5,1,5,0,3,6,130
7,1,5,0,1,6,129
8,1,5,0,1,6,128
3,2,5,5,0,4,6,127
5,1,1,0,3,7,126
7,1,1,0,1,7,125
8,1,1,0,1,7,124
3,2,1,1,0,4,7,123
5,1,2,0,3,7,122
7,1,2,0,1,7,121
8,1,2,0,1,7,120
3,2,2,2,0,4,7,119
5,1,6,0,3,7,118
7,1,6,0,1,7,117
8,1,6,0,1,7,116
3,2,6,6,0,4,7,115
19,1,0,0,1,7,114
2,3,0,1,0,0,-1,7,113
2,3,0,2,0,0,-1,7,112
7,1,0,0,1,8,111
2,3,0,0,0,0,-1,8,110
3,2,0,0,0,4,8,109
19,1,3,0,1,8,108
2,3,3,0,0,0,-1,8,107
2,3,3,1,0,0,-1,8,106
2,3,3,2,0,0,-1,8,105
2,3,3,5,0,0,-1,8,104
2,3,3,6,0,0,-1,9,103
7,1,3,0,1,9,102
2,3,0,3,0,0,-1,9,101
3,2,0,0,0,5,9,100
2,3,3,3,0,0,-1,9,99
8,1,3,0,1,9,98
3,2,3,3,0,4,9,97
7,1,4,0,1,10,96
2,3,3,4,0,0,-1,10,95
3,2,3,3,0,5,10,94
8,1,4,0,1,10,93
3,2,4,4,0,4,10,92
4,1,0,1,XARBUF,-1,10,91
19,1,4,0,1,10,90
2,3,4,1,0,0,-1,10,89
2,3,4,2,0,0,-1,10,88
2,3,4,3,0,0,-1,10,87
2,3,4,4,0,0,-1,10,86
2,3,4,5,0,0,-1,10,85
2,3,4,6,0,0,-1,10,84
3,2,4,4,0,5,10,83
19,1,6,0,1,11,82
2,3,6,1,0,0,-1,11,81
2,3,6,2,0,0,-1,11,80
2,3,6,5,0,0,-1,11,79
2,3,6,6,0,0,-1,11,78
19,1,5,0,1,11,77
2,3,5,1,0,0,-1,11,76
2,3,5,2,0,0,-1,11,75
2,3,5,3,0,0,-1,11,74
2,3,5,4,0,0,-1,11,73
2,3,5,5,0,0,-1,11,72
2,3,5,6,0,0,-1,11,71
3,2,5,5,0,5,11,70
2,3,6,3,0,0,-1,12,69
2,3,6,4,0,0,-1,12,68
3,2,6,6,0,5,12,67
8,1,0,0,1,12,66
19,1,1,0,1,12,65
2,3,1,0,0,0,-1,12,64
2,3,1,1,0,0,-1,12,63
2,3,1,2,0,0,-1,12,62
2,3,1,3,0,0,-1,12,61
2,3,1,4,0,0,-1,12,60
2,3,1,5,0,0,-1,12,59
2,3,1,6,0,0,-1,12,58
3,2,1,1,0,5,12,57
19,1,2,0,1,13,56
2,3,2,0,0,0,-1,13,55
2,3,2,1,0,0,-1,13,54
2,3,2,2,0,0,-1,13,53
2,3,2,3,0,0,-1,13,52
2,3,2,4,0,0,-1,13,51
2,3,2,5,0,0,-1,13,50
2,3,2,6,0,0,-1,13,49
3,2,2,2,0,5,13,48
4,1,0,1,RARBUF,-1,13,47
15,0,1,RAR,-1,13,46
16,0,1,RAR,-1,13,45
21,0,1,CONSTRUCTGA,-1,13,44
21,0,1,EIGEN,-1,13,43
5,1,2,0,8,13,42
5,1,2,0,6,14,41
5,1,5,0,6,14,40
5,1,2,0,10,14,39
6,1,2,0,3,14,38
5,1,5,0,10,14,37
6,1,5,0,3,14,36
5,1,4,0,6,16,35
5,1,6,0,6,16,34
5,1,6,0,8,16,33
5,1,4,0,10,16,32
6,1,4,0,3,16,31
5,1,6,0,10,16,30
6,1,6,0,3,16,29
5,1,0,0,6,17,28
5,1,4,0,8,17,27
5,1,0,0,10,17,26
6,1,0,0,3,17,25
5,1,4,0,11,17,24
6,1,4,0,4,17,23
5,1,6,0,11,17,22
6,1,6,0,4,17,21
5,1,1,0,6,15,20
5,1,3,0,6,15,19
5,1,1,0,10,15,18
6,1,1,0,3,15,17
5,1,3,0,10,15,16
6,1,3,0,3,15,15
5,1,2,0,11,15,14
6,1,2,0,4,15,13
5,1,0,0,8,19,12
5,1,3,0,8,19,11
5,1,0,0,11,19,10
6,1,0,0,4,19,9
5,1,3,0,11,19,8
6,1,3,0,4,19,7
5,1,1,0,8,18,6
5,1,5,0,8,18,5
5,1,1,0,11,18,4
6,1,1,0,4,18,3
5,1,5,0,11,18,2
6,1,5,0,4,18,1
