120
22,0,1,_X,-1,0,120
3,2,6,6,0,20,0,119
22,0,1,_X,-1,0,118
3,2,5,5,0,20,0,117
22,0,1,_X,-1,0,116
3,2,4,4,0,20,0,115
22,0,1,_X,-1,0,114
3,2,3,3,0,20,0,113
22,0,1,_X,-1,0,112
3,2,2,2,0,20,0,111
22,0,1,_X,-1,0,110
3,2,1,1,0,20,0,109
22,0,1,_X,-1,0,108
3,2,0,0,0,20,0,107
4,1,0,1,XBXBUF,-1,0,106
17,0,1,XBX,-1,0,105
7,1,0,0,20,1,104
18,0,1,XBX,-1,1,103
5,1,0,0,20,1,102
5,1,1,0,20,1,101
5,1,2,0,20,1,100
5,1,3,0,20,1,99
5,1,4,0,20,1,98
5,1,5,0,20,1,97
7,1,2,0,21,2,96
7,1,0,0,21,2,95
19,1,2,0,1,2,94
2,3,2,0,0,0,-1,2,93
2,3,2,2,0,0,-1,2,92
19,1,0,0,1,2,91
2,3,0,0,0,0,-1,2,90
5,1,6,0,20,3,89
7,1,6,0,21,3,88
2,3,2,6,0,0,-1,3,87
19,1,3,0,1,3,86
2,3,3,0,0,0,-1,3,85
2,3,3,2,0,0,-1,3,84
2,3,3,6,0,0,-1,3,83
7,1,1,0,21,4,82
2,3,0,1,0,0,-1,4,81
2,3,2,1,0,0,-1,4,80
2,3,3,1,0,0,-1,4,79
7,1,3,0,21,5,78
2,3,2,3,0,0,-1,5,77
2,3,3,3,0,0,-1,5,76
7,1,5,0,21,6,75
2,3,2,5,0,0,-1,6,74
2,3,3,5,0,0,-1,6,73
7,1,4,0,21,6,72
2,3,2,4,0,0,-1,6,71
3,2,2,2,0,21,6,70
2,3,3,4,0,0,-1,6,69
3,2,3,3,0,21,6,68
19,1,6,0,1,8,67
2,3,6,1,0,0,-1,8,66
2,3,6,2,0,0,-1,8,65
2,3,6,3,0,0,-1,8,64
2,3,6,4,0,0,-1,8,63
2,3,6,5,0,0,-1,8,62
2,3,6,6,0,0,-1,8,61
3,2,6,6,0,21,8,60
19,1,5,0,1,8,59
2,3,5,1,0,0,-1,8,58
2,3,5,2,0,0,-1,8,57
2,3,5,3,0,0,-1,8,56
2,3,5,4,0,0,-1,8,55
2,3,5,5,0,0,-1,8,54
2,3,5,6,0,0,-1,8,53
3,2,5,5,0,21,8,52
19,1,4,0,1,7,51
2,3,4,1,0,0,-1,7,50
2,3,4,2,0,0,-1,7,49
2,3,4,3,0,0,-1,7,48
2,3,4,4,0,0,-1,7,47
2,3,4,5,0,0,-1,7,46
2,3,4,6,0,0,-1,7,45
3,2,4,4,0,21,7,44
2,3,0,3,0,0,-1,9,43
2,3,0,2,0,0,-1,9,42
3,2,0,0,0,21,9,41
19,1,1,0,1,9,40
2,3,1,0,0,0,-1,9,39
2,3,1,1,0,0,-1,9,38
2,3,1,2,0,0,-1,9,37
2,3,1,3,0,0,-1,9,36
2,3,1,4,0,0,-1,9,35
2,3,1,5,0,0,-1,9,34
2,3,1,6,0,0,-1,9,33
3,2,1,1,0,21,9,32
4,1,0,1,XAXBUF,-1,9,31
16,0,1,XAX,-1,10,30
21,0,1,EIGEN,-1,10,29
5,1,0,0,21,10,28
7,1,0,0,22,10,27
5,1,1,0,21,10,26
7,1,1,0,22,10,25
5,1,2,0,21,10,24
7,1,2,0,22,10,23
5,1,3,0,21,10,22
7,1,3,0,22,10,21
5,1,4,0,21,10,20
7,1,4,0,22,10,19
5,1,5,0,21,10,18
7,1,5,0,22,10,17
5,1,6,0,21,10,16
7,1,6,0,22,10,15
5,1,0,0,22,11,14
7,1,0,0,23,11,13
5,1,1,0,22,11,12
7,1,1,0,23,11,11
5,1,2,0,22,11,10
7,1,2,0,23,11,9
5,1,3,0,22,11,8
7,1,3,0,23,11,7
5,1,4,0,22,11,6
7,1,4,0,23,11,5
5,1,5,0,22,11,4
7,1,5,0,23,11,3
5,1,6,0,22,11,2
7,1,6,0,23,11,1
