120
19,1,5,0,1,0,120
19,1,4,0,1,0,119
22,0,1,_X,-1,0,118
3,2,6,6,0,20,0,117
22,0,1,_X,-1,0,116
3,2,5,5,0,20,0,115
22,0,1,_X,-1,0,114
3,2,4,4,0,20,0,113
22,0,1,_X,-1,0,112
3,2,3,3,0,20,0,111
22,0,1,_X,-1,0,110
3,2,2,2,0,20,0,109
22,0,1,_X,-1,0,108
3,2,1,1,0,20,0,107
22,0,1,_X,-1,0,106
3,2,0,0,0,20,0,105
4,1,0,1,XBXBUF,-1,1,104
17,0,1,XBX,-1,1,103
7,1,0,0,20,1,102
18,0,1,XBX,-1,1,101
5,1,0,0,20,1,100
7,1,0,0,21,1,99
5,1,1,0,20,1,98
5,1,6,0,20,1,97
5,1,2,0,20,5,96
19,1,1,0,1,5,95
7,1,6,0,21,2,94
2,3,4,6,0,0,-1,2,93
2,3,5,6,0,0,-1,2,92
5,1,5,0,20,2,91
7,1,5,0,21,2,90
2,3,4,5,0,0,-1,2,89
2,3,5,5,0,0,-1,2,88
5,1,3,0,20,3,87
5,1,4,0,20,3,86
19,1,3,0,1,3,85
2,3,3,0,0,0,-1,3,84
2,3,3,5,0,0,-1,3,83
2,3,3,6,0,0,-1,3,82
19,1,2,0,1,3,81
7,1,2,0,21,6,80
2,3,2,2,0,0,-1,6,79
2,3,3,2,0,0,-1,6,78
2,3,4,2,0,0,-1,7,77
2,3,5,2,0,0,-1,7,76
7,1,4,0,21,4,75
2,3,3,4,0,0,-1,4,74
2,3,4,4,0,0,-1,4,73
2,3,5,4,0,0,-1,4,72
7,1,3,0,21,4,71
2,3,3,3,0,0,-1,4,70
2,3,4,3,0,0,-1,4,69
2,3,5,3,0,0,-1,4,68
7,1,1,0,21,8,67
2,3,1,1,0,0,-1,8,66
2,3,3,1,0,0,-1,8,65
3,2,3,3,0,21,8,64
2,3,5,1,0,0,-1,8,63
3,2,5,5,0,21,9,62
2,3,4,1,0,0,-1,9,61
3,2,4,4,0,21,9,60
2,3,2,1,0,0,-1,10,59
2,3,1,3,0,0,-1,10,58
2,3,2,3,0,0,-1,10,57
2,3,1,4,0,0,-1,10,56
2,3,2,4,0,0,-1,10,55
2,3,1,2,0,0,-1,10,54
2,3,2,0,0,0,-1,10,53
2,3,2,5,0,0,-1,10,52
2,3,2,6,0,0,-1,10,51
3,2,2,2,0,21,10,50
2,3,1,5,0,0,-1,10,49
2,3,1,6,0,0,-1,10,48
2,3,1,0,0,0,-1,10,47
3,2,1,1,0,21,10,46
19,1,6,0,1,10,45
2,3,6,1,0,0,-1,10,44
2,3,6,2,0,0,-1,10,43
2,3,6,3,0,0,-1,10,42
2,3,6,4,0,0,-1,10,41
2,3,6,5,0,0,-1,10,40
2,3,6,6,0,0,-1,10,39
3,2,6,6,0,21,10,38
19,1,0,0,1,10,37
2,3,0,0,0,0,-1,10,36
2,3,0,1,0,0,-1,10,35
2,3,0,2,0,0,-1,10,34
2,3,0,3,0,0,-1,10,33
3,2,0,0,0,21,10,32
4,1,0,1,XAXBUF,-1,10,31
16,0,1,XAX,-1,11,30
21,0,1,EIGEN,-1,11,29
5,1,0,0,21,11,28
7,1,0,0,22,11,27
5,1,1,0,21,11,26
7,1,1,0,22,11,25
5,1,2,0,21,11,24
7,1,2,0,22,11,23
5,1,3,0,21,11,22
7,1,3,0,22,11,21
5,1,4,0,21,11,20
7,1,4,0,22,11,19
5,1,5,0,21,11,18
7,1,5,0,22,11,17
5,1,6,0,21,11,16
7,1,6,0,22,11,15
5,1,0,0,22,12,14
7,1,0,0,23,12,13
5,1,1,0,22,12,12
7,1,1,0,23,12,11
5,1,2,0,22,12,10
7,1,2,0,23,12,9
5,1,3,0,22,12,8
7,1,3,0,23,12,7
5,1,4,0,22,12,6
7,1,4,0,23,12,5
5,1,5,0,22,12,4
7,1,5,0,23,12,3
5,1,6,0,22,12,2
7,1,6,0,23,12,1
