_X,6 0 370
_X,5 0 369
_AX,3 0 368
_X,3 0 367
_lambda 0 366
XY,3,1 0 365
SUB,3,1 0 364
MULT,3 0 363
COL,3,3 0 362
XY,5,1 0 361
XY,6,1 0 360
_AX,4 1 359
_X,4 1 358
XY,4,1 1 357
SUB,4,1 1 356
MULT,4 1 355
COL,4,4 1 354
_AX,1 1 353
_X,1 1 352
XY,1,1 1 351
SUB,1,1 1 350
MULT,1 1 349
COL,1,1 1 348
RESET,RN 2 347
_AX,6 2 346
SUB,6,1 2 345
MULT,6 2 344
COL,6,6 2 343
_AX,5 2 342
SUB,5,1 2 341
MULT,5 2 340
COL,5,5 2 339
_AX,2 2 338
_X,2 2 337
XY,2,1 2 336
SUB,2,1 2 335
MULT,2 2 334
COL,2,2 2 333
_AX,0 2 332
_X,0 2 331
XY,0,1 2 330
SUB,0,1 2 329
MULT,0 2 328
COL,0,0 2 327
RNRED,RNBUF 2 326
SQRT,RN 2 325
RESET,actMask 2 324
CONV,actMask 3 323
GET,0,1 3 322
XTY,0,0,1 3 321
GET,2,1 3 320
XTY,2,2,1 3 319
GET,4,1 3 318
XTY,4,4,1 3 317
GET,5,1 3 316
XTY,5,5,1 3 315
GET,6,1 3 314
XTY,6,6,1 3 313
GET,1,1 4 312
XTY,1,1,1 4 311
GET,3,1 4 310
XTY,3,3,1 4 309
RED,temp2BUF,0 4 308
XY,0,2 4 307
XY,4,2 4 306
SUB,4,2 4 305
XTY,4,4,2 4 304
XY,6,2 4 303
SUB,6,2 4 302
XTY,6,6,2 4 301
XY,1,2 5 300
SUB,1,2 5 299
XTY,1,1,2 5 298
XY,2,2 5 297
SUB,2,2 5 296
XTY,2,2,2 5 295
XY,3,2 5 294
SUB,3,2 5 293
XTY,3,3,2 5 292
XY,5,2 5 291
SUB,5,2 5 290
XTY,5,5,2 5 289
SUB,0,2 6 288
XTY,0,0,2 6 287
RED,RBRBUF,0 6 286
CHOL,RBR 6 285
INV,RBR 6 284
XY,0,3 6 283
XY,1,3 6 282
XY,2,3 6 281
XY,3,3 6 280
XY,4,3 6 279
XY,5,3 6 278
XY,6,3 6 277
_P,6 7 276
GET,6,2 7 275
XTY,6,6,3 7 274
_P,5 7 273
GET,5,2 7 272
XTY,5,5,3 7 271
_P,4 7 270
GET,4,2 7 269
XTY,4,4,3 7 268
_P,3 7 267
GET,3,2 7 266
XTY,3,3,3 7 265
_P,2 7 264
GET,2,2 7 263
XTY,2,2,3 7 262
_P,1 7 261
GET,1,2 7 260
XTY,1,1,3 7 259
_P,0 7 258
GET,0,2 7 257
XTY,0,0,3 7 256
RED,PBPBUF,0 7 255
CHOL,PBP 7 254
INV,PBP 8 253
XY,0,4 8 252
DLACPY,0,2 8 251
XTY,0,0,6 8 250
XTY,0,0,9 8 249
XY,5,4 8 248
DLACPY,5,2 8 247
UPDATE,5,2 8 246
XTY,5,5,6 8 245
XTY,5,5,9 8 244
_AP,6 8 243
GET,6,3 8 242
XY,6,5 8 241
UPDATE,0,2 10 240
DLACPY,3,1 10 239
UPDATE,3,1 10 238
XTY,3,3,4 10 237
DLACPY,2,1 10 236
XTY,2,2,4 10 235
DLACPY,1,1 10 234
XTY,1,1,4 10 233
SETZERO,5,1 10 232
SPMM,5,1,0 10 231
SPMM,5,2,0 10 230
SPMM,5,3,0 10 229
XY,3,4 18 228
DLACPY,3,2 18 227
UPDATE,3,2 18 226
XTY,3,3,6 18 225
XTY,3,3,10 18 224
_AP,3 18 223
GET,3,3 18 222
XY,3,5 18 221
DLACPY,3,3 18 220
UPDATE,3,3 18 219
XTY,3,3,8 18 218
DLACPY,0,1 11 217
UPDATE,0,1 11 216
XTY,0,0,4 11 215
XTY,0,0,10 11 214
SETZERO,0,1 11 213
SPMM,0,0,0 11 212
SPMM,0,1,0 11 211
SPMM,0,2,0 11 210
SPMM,0,3,0 11 209
XTY,0,0,5 11 208
XTY,0,0,7 11 207
DLACPY,6,3 9 206
UPDATE,6,3 9 205
XY,6,4 9 204
DLACPY,6,2 9 203
UPDATE,6,2 9 202
XTY,6,6,6 9 201
XTY,6,6,8 9 200
XTY,6,6,9 9 199
DLACPY,6,1 9 198
XTY,6,6,4 9 197
XTY,6,6,10 9 196
SPMM,5,6,0 12 195
DLACPY,5,1 12 194
SPMM,5,5,0 12 193
UPDATE,5,1 12 192
XTY,5,5,4 12 191
XTY,5,5,10 12 190
DLACPY,4,1 12 189
SPMM,5,4,0 12 188
XTY,5,5,5 12 187
XTY,5,5,7 12 186
UPDATE,4,1 12 185
XTY,4,4,4 12 184
XY,1,4 19 183
SETZERO,3,1 19 182
SPMM,3,0,0 19 181
SPMM,3,1,0 19 180
SPMM,3,2,0 19 179
SPMM,3,3,0 19 178
SPMM,3,4,0 19 177
SPMM,3,5,0 19 176
SPMM,3,6,0 19 175
XTY,3,3,5 19 174
XTY,3,3,7 19 173
UPDATE,6,1 13 172
SETZERO,6,1 13 171
SPMM,6,1,0 13 170
SPMM,6,2,0 13 169
SPMM,6,3,0 13 168
SPMM,6,4,0 13 167
SPMM,6,5,0 13 166
SPMM,6,6,0 13 165
XTY,6,6,5 13 164
XTY,6,6,7 13 163
XY,4,4 16 162
DLACPY,4,2 16 161
UPDATE,4,2 16 160
XTY,4,4,6 16 159
XTY,4,4,10 16 158
_AP,4 16 157
GET,4,3 16 156
XY,4,5 16 155
DLACPY,4,3 16 154
UPDATE,4,3 16 153
XTY,4,4,8 16 152
XY,2,4 15 151
DLACPY,2,2 15 150
UPDATE,2,2 15 149
XTY,2,2,6 15 148
_AP,2 15 147
GET,2,3 15 146
XY,2,5 15 145
DLACPY,2,3 15 144
UPDATE,2,3 15 143
XTY,2,2,8 15 142
_AP,1 15 141
GET,1,3 15 140
XY,1,5 17 139
DLACPY,1,3 17 138
UPDATE,1,3 17 137
SETZERO,4,1 17 136
SPMM,4,1,0 17 135
SPMM,4,2,0 17 134
SPMM,4,3,0 17 133
SPMM,4,4,0 17 132
SPMM,4,5,0 17 131
SPMM,4,6,0 17 130
XTY,4,4,5 17 129
XTY,4,4,7 17 128
DLACPY,1,2 20 127
UPDATE,1,2 20 126
XTY,1,1,8 20 125
SETZERO,1,1 20 124
SPMM,1,0,0 20 123
SPMM,1,1,0 20 122
SPMM,1,2,0 20 121
SPMM,1,3,0 20 120
SPMM,1,4,0 20 119
SPMM,1,5,0 20 118
SPMM,1,6,0 20 117
XTY,1,1,5 20 116
XTY,1,1,7 20 115
XTY,1,1,6 21 114
SETZERO,2,1 21 113
SPMM,2,0,0 21 112
SPMM,2,1,0 21 111
SPMM,2,2,0 21 110
SPMM,2,3,0 21 109
SPMM,2,4,0 21 108
SPMM,2,5,0 21 107
SPMM,2,6,0 21 106
XTY,2,2,5 21 105
XTY,2,2,7 21 104
_AP,5 14 103
GET,5,3 14 102
XY,5,5 14 101
DLACPY,5,3 14 100
UPDATE,5,3 14 99
XTY,5,5,8 14 98
_AP,0 14 97
GET,0,3 14 96
XY,0,5 14 95
DLACPY,0,3 14 94
UPDATE,0,3 14 93
XTY,0,0,8 14 92
RED,PAPBUF,0 22 91
SPEUPDATE,PAP 22 90
RED,RAPBUF,0 22 89
XTY,1,1,9 22 88
XTY,1,1,10 22 87
XTY,2,2,9 22 86
XTY,2,2,10 22 85
RED,RBPBUF,0 22 84
XTY,4,4,9 22 83
XTY,3,3,9 22 82
RED,XBPBUF,0 22 81
CONSTRUCTGB 23 80
RED,RARBUF,0 23 79
TRANS,RAR 23 78
SPEUPDATE,RAR 23 77
RED,XAPBUF,0 23 76
RED,XARBUF,0 23 75
CONSTRUCTGA1 23 74
CONSTRUCTGA2 23 73
EIGEN 23 72
XY,6,8 23 71
XY,6,9 23 70
ADD,6,2 23 69
XY,1,6 31 68
XY,1,7 31 67
ADD,1,1 31 66
XY,1,10 31 65
ADD,1,3 31 64
XY,3,6 26 63
XY,3,7 26 62
ADD,3,1 26 61
XY,3,10 26 60
ADD,3,3 26 59
XY,4,6 24 58
XY,4,7 24 57
ADD,4,1 24 56
XY,4,10 24 55
ADD,4,3 24 54
XY,5,6 27 53
XY,5,7 27 52
ADD,5,1 27 51
XY,5,10 27 50
ADD,5,3 27 49
UPDATE,2,1 27 48
XY,2,6 28 47
XY,2,7 28 46
ADD,2,1 28 45
XY,1,8 28 44
XY,1,9 28 43
ADD,1,2 28 42
XY,2,10 28 41
ADD,2,3 28 40
XY,1,11 28 39
ADD,1,4 28 38
XY,2,8 34 37
XY,2,9 34 36
ADD,2,2 34 35
XY,2,11 34 34
ADD,2,4 34 33
XY,3,8 33 32
XY,3,9 33 31
ADD,3,2 33 30
XY,3,11 33 29
ADD,3,4 33 28
UPDATE,1,1 33 27
XY,5,8 29 26
XY,4,9 29 25
XY,5,9 29 24
ADD,5,2 29 23
XY,5,11 29 22
ADD,5,4 29 21
XY,0,6 30 20
XY,0,7 30 19
ADD,0,1 30 18
XY,4,8 30 17
ADD,4,2 30 16
XY,4,11 30 15
ADD,4,4 30 14
XY,0,8 32 13
XY,0,9 32 12
ADD,0,2 32 11
XY,0,10 32 10
ADD,0,3 32 9
XY,0,11 32 8
ADD,0,4 32 7
XY,6,6 25 6
XY,6,7 25 5
ADD,6,1 25 4
XY,6,10 25 3
ADD,6,3 25 2
XY,6,11 25 1
ADD,6,4 25 0
