147
0
7
6
20
8
15
16
10
19
2
24
3
18
1
28
17
21
22
4
25
5
23
12
13
9
11
26
14
27
29
43
47
48
36
44
49
50
45
30
31
32
33
46
40
35
42
37
81
34
41
38
76
78
79
39
51
60
56
55
59
54
61
62
63
64
57
58
52
53
65
66
68
207
221
74
179
148
139
140
75
210
69
72
162
204
219
70
212
220
223
225
227
224
67
73
187
192
208
193
188
189
190
191
149
152
150
141
142
143
154
155
158
159
156
157
237
151
180
173
174
153
205
144
145
233
235
293
239
256
295
234
236
240
244
246
245
247
249
238
146
285
257
294
296
297
298
261
260
258
71
196
211
222
216
217
213
175
161
183
185
184
163
165
167
168
166
181
176
330
182
177
171
172
266
268
269
80
82
83
84
77
85
86
97
114
103
105
194
106
137
125
111
117
118
89
92
199
201
209
202
341
178
87
109
186
93
94
241
88
131
132
134
136
215
90
112
195
123
206
124
126
107
110
242
243
108
169
214
229
248
299
259
267
272
274
273
342
250
253
251
252
262
270
280
284
286
282
283
281
275
276
279
278
277
316
264
271
263
265
329
290
291
292
287
289
300
322
312
288
254
218
343
116
308
119
120
301
314
315
304
313
328
302
122
323
255
336
128
129
130
331
317
335
104
95
98
310
311
127
232
338
303
306
115
305
164
197
121
200
96
231
327
99
100
101
133
230
326
333
102
203
226
309
318
319
307
113
160
170
324
332
325
135
198
228
91
138
320
321
340
344
334
337
339
345
352
353
354
347
348
349
355
356
357
449
359
360
361
376
377
378
371
372
373
383
384
385
363
364
365
374
440
400
379
380
381
404
386
362
366
367
368
350
435
436
437
432
369
370
375
410
382
446
442
419
420
421
403
430
426
445
390
448
394
423
424
425
398
416
444
395
396
397
438
418
439
391
392
393
406
427
428
429
412
415
443
414
447
441
422
399
431
402
434
433
409
387
388
389
411
413
401
408
417
407
405
358
346
351
