RESET,RN 0 812
_AX,15 0 811
_AX,14 0 810
_X,15 0 809
_X,14 0 808
_AX,13 0 807
_AX,12 0 806
_X,13 0 805
_X,12 0 804
_P,11 0 803
_P,10 0 802
_AX,11 0 801
_AX,10 0 800
_X,11 0 799
_X,10 0 798
_AX,9 0 797
_AX,8 0 796
_X,9 0 795
_X,8 0 794
_AX,7 0 793
_AX,6 0 792
_X,7 0 791
_X,6 0 790
_AX,5 0 789
_AX,4 0 788
_X,5 0 787
_X,4 0 786
_AX,3 0 785
_AX,2 0 784
_X,3 0 783
_X,2 0 782
_AX,1 0 781
_AX,0 0 780
_X,1 0 779
_X,0 0 778
_lambda 0 777
XY,0,1 0 776
SUB,0,1 0 775
MULT,0 0 774
COL,0,0 0 773
XY,1,1 0 772
SUB,1,1 0 771
MULT,1 0 770
COL,1,1 0 769
XY,2,1 0 768
SUB,2,1 0 767
MULT,2 0 766
COL,2,2 0 765
XY,3,1 0 764
SUB,3,1 0 763
MULT,3 0 762
COL,3,3 0 761
XY,4,1 0 760
SUB,4,1 0 759
MULT,4 0 758
COL,4,4 0 757
XY,5,1 0 756
SUB,5,1 0 755
MULT,5 0 754
COL,5,5 0 753
XY,6,1 0 752
SUB,6,1 0 751
MULT,6 0 750
COL,6,6 0 749
XY,7,1 0 748
SUB,7,1 0 747
MULT,7 0 746
COL,7,7 0 745
XY,8,1 0 744
SUB,8,1 0 743
MULT,8 0 742
COL,8,8 0 741
XY,9,1 0 740
SUB,9,1 0 739
MULT,9 0 738
COL,9,9 0 737
XY,10,1 0 736
SUB,10,1 0 735
MULT,10 0 734
COL,10,10 0 733
XY,11,1 0 732
SUB,11,1 0 731
MULT,11 0 730
COL,11,11 0 729
XY,12,1 0 728
SUB,12,1 0 727
MULT,12 0 726
COL,12,12 0 725
XY,13,1 0 724
SUB,13,1 0 723
MULT,13 0 722
COL,13,13 0 721
XY,14,1 0 720
SUB,14,1 0 719
MULT,14 0 718
COL,14,14 0 717
XY,15,1 0 716
SUB,15,1 0 715
MULT,15 0 714
COL,15,15 0 713
RNRED,RNBUF 0 712
SQRT,RN 0 711
RESET,actMask 0 710
CONV,actMask 0 709
GET,0,1 0 708
XTY,0,0,1 0 707
GET,1,1 0 706
XTY,1,1,1 0 705
GET,2,1 0 704
XTY,2,2,1 0 703
GET,3,1 0 702
XTY,3,3,1 0 701
GET,4,1 0 700
XTY,4,4,1 0 699
GET,5,1 0 698
XTY,5,5,1 0 697
GET,6,1 0 696
XTY,6,6,1 0 695
GET,7,1 0 694
XTY,7,7,1 0 693
GET,8,1 0 692
XTY,8,8,1 0 691
GET,9,1 0 690
XTY,9,9,1 0 689
GET,10,1 0 688
XTY,10,10,1 0 687
GET,11,1 0 686
XTY,11,11,1 0 685
GET,12,1 0 684
XTY,12,12,1 0 683
GET,13,1 0 682
XTY,13,13,1 0 681
GET,14,1 0 680
XTY,14,14,1 0 679
GET,15,1 0 678
XTY,15,15,1 0 677
RED,temp2BUF,0 0 676
XY,0,2 0 675
SUB,0,2 0 674
XTY,0,0,2 0 673
XY,1,2 0 672
SUB,1,2 0 671
XTY,1,1,2 0 670
XY,2,2 0 669
SUB,2,2 0 668
XTY,2,2,2 0 667
XY,3,2 0 666
SUB,3,2 0 665
XTY,3,3,2 0 664
XY,4,2 0 663
SUB,4,2 0 662
XTY,4,4,2 0 661
XY,5,2 0 660
SUB,5,2 0 659
XTY,5,5,2 0 658
XY,6,2 0 657
SUB,6,2 0 656
XTY,6,6,2 0 655
XY,7,2 0 654
SUB,7,2 0 653
XTY,7,7,2 0 652
XY,8,2 0 651
SUB,8,2 0 650
XTY,8,8,2 0 649
XY,9,2 0 648
SUB,9,2 0 647
XTY,9,9,2 0 646
XY,10,2 0 645
SUB,10,2 0 644
XTY,10,10,2 0 643
XY,11,2 0 642
SUB,11,2 0 641
XTY,11,11,2 0 640
XY,12,2 0 639
SUB,12,2 0 638
XTY,12,12,2 0 637
XY,13,2 0 636
SUB,13,2 0 635
XTY,13,13,2 0 634
XY,14,2 0 633
SUB,14,2 0 632
XTY,14,14,2 0 631
XY,15,2 0 630
SUB,15,2 0 629
XTY,15,15,2 0 628
RED,RBRBUF,0 0 627
CHOL,RBR 0 626
INV,RBR 0 625
XY,12,3 0 624
XY,13,3 0 623
GET,10,2 0 622
XTY,10,10,3 0 621
GET,11,2 0 620
XTY,11,11,3 0 619
XY,10,3 1 618
XY,11,3 1 617
_AP,15 1 616
GET,15,3 1 615
_AP,14 1 614
GET,14,3 1 613
_P,15 1 612
GET,15,2 1 611
XTY,15,15,3 1 610
_P,14 1 609
GET,14,2 1 608
XTY,14,14,3 1 607
_AP,13 1 606
GET,13,3 1 605
_AP,12 1 604
GET,12,3 1 603
_P,13 1 602
GET,13,2 1 601
XTY,13,13,3 1 600
_P,12 1 599
GET,12,2 1 598
XTY,12,12,3 1 597
_AP,11 1 596
GET,11,3 1 595
_AP,10 1 594
GET,10,3 1 593
_AP,9 1 592
GET,9,3 1 591
_AP,8 1 590
GET,8,3 1 589
_P,9 1 588
GET,9,2 1 587
XTY,9,9,3 1 586
_P,8 1 585
GET,8,2 1 584
XTY,8,8,3 1 583
_AP,7 1 582
GET,7,3 1 581
_AP,6 1 580
GET,6,3 1 579
_P,7 1 578
GET,7,2 1 577
XTY,7,7,3 1 576
_P,6 1 575
GET,6,2 1 574
XTY,6,6,3 1 573
_AP,5 1 572
GET,5,3 1 571
_AP,4 1 570
GET,4,3 1 569
_P,5 1 568
GET,5,2 1 567
XTY,5,5,3 1 566
_P,4 1 565
GET,4,2 1 564
XTY,4,4,3 1 563
_AP,3 1 562
GET,3,3 1 561
_AP,2 1 560
GET,2,3 1 559
_P,3 1 558
GET,3,2 1 557
XTY,3,3,3 1 556
_P,2 1 555
GET,2,2 1 554
XTY,2,2,3 1 553
_AP,1 1 552
GET,1,3 1 551
_AP,0 1 550
GET,0,3 1 549
_P,1 1 548
GET,1,2 1 547
XTY,1,1,3 1 546
_P,0 1 545
GET,0,2 1 544
XTY,0,0,3 1 543
RED,PBPBUF,0 1 542
CHOL,PBP 1 541
INV,PBP 1 540
XY,0,4 1 539
DLACPY,0,2 1 538
UPDATE,0,2 1 537
XTY,0,0,6 1 536
XTY,0,0,9 1 535
XY,1,4 1 534
DLACPY,1,2 1 533
UPDATE,1,2 1 532
XTY,1,1,6 1 531
XTY,1,1,9 1 530
XY,2,4 1 529
DLACPY,2,2 1 528
UPDATE,2,2 1 527
XTY,2,2,6 1 526
XTY,2,2,9 1 525
XY,3,4 1 524
DLACPY,3,2 1 523
UPDATE,3,2 1 522
XTY,3,3,6 1 521
XTY,3,3,9 1 520
XY,4,4 1 519
DLACPY,4,2 1 518
UPDATE,4,2 1 517
XTY,4,4,6 1 516
XTY,4,4,9 1 515
XY,5,4 1 514
DLACPY,5,2 1 513
UPDATE,5,2 1 512
XTY,5,5,6 1 511
XTY,5,5,9 1 510
XY,6,4 1 509
DLACPY,6,2 1 508
UPDATE,6,2 1 507
XTY,6,6,6 1 506
XTY,6,6,9 1 505
XY,7,4 1 504
DLACPY,7,2 1 503
UPDATE,7,2 1 502
XTY,7,7,6 1 501
XTY,7,7,9 1 500
XY,8,4 1 499
DLACPY,8,2 1 498
UPDATE,8,2 1 497
XTY,8,8,6 1 496
XTY,8,8,9 1 495
XY,9,4 1 494
DLACPY,9,2 1 493
UPDATE,9,2 1 492
XTY,9,9,6 1 491
XTY,9,9,9 1 490
XY,14,4 1 489
DLACPY,14,2 1 488
UPDATE,14,2 1 487
XTY,14,14,6 1 486
XTY,14,14,9 1 485
XY,15,4 1 484
DLACPY,15,2 1 483
UPDATE,15,2 1 482
XTY,15,15,6 1 481
XTY,15,15,9 1 480
XY,0,5 1 479
DLACPY,0,3 1 478
UPDATE,0,3 1 477
XTY,0,0,8 1 476
XY,1,5 1 475
DLACPY,1,3 1 474
UPDATE,1,3 1 473
XTY,1,1,8 1 472
XY,2,5 1 471
DLACPY,2,3 1 470
UPDATE,2,3 1 469
XTY,2,2,8 1 468
XY,3,5 1 467
DLACPY,3,3 1 466
UPDATE,3,3 1 465
XTY,3,3,8 1 464
XY,4,5 1 463
DLACPY,4,3 1 462
UPDATE,4,3 1 461
XTY,4,4,8 1 460
XY,5,5 1 459
DLACPY,5,3 1 458
UPDATE,5,3 1 457
XTY,5,5,8 1 456
XY,6,5 1 455
DLACPY,6,3 1 454
UPDATE,6,3 1 453
XTY,6,6,8 1 452
XY,7,5 1 451
DLACPY,7,3 1 450
UPDATE,7,3 1 449
XTY,7,7,8 1 448
XY,8,5 1 447
DLACPY,8,3 1 446
UPDATE,8,3 1 445
XTY,8,8,8 1 444
XY,9,5 1 443
DLACPY,9,3 1 442
UPDATE,9,3 1 441
XTY,9,9,8 1 440
XY,10,5 1 439
DLACPY,10,3 1 438
UPDATE,10,3 1 437
XY,11,5 1 436
DLACPY,11,3 1 435
UPDATE,11,3 1 434
XY,12,5 1 433
DLACPY,12,3 1 432
UPDATE,12,3 1 431
XY,13,5 1 430
DLACPY,13,3 1 429
UPDATE,13,3 1 428
XY,14,5 1 427
DLACPY,14,3 1 426
UPDATE,14,3 1 425
XTY,14,14,8 1 424
XY,15,5 1 423
DLACPY,15,3 1 422
UPDATE,15,3 1 421
XTY,15,15,8 1 420
XY,10,4 2 419
DLACPY,10,2 2 418
UPDATE,10,2 2 417
XTY,10,10,6 2 416
XY,11,4 2 415
DLACPY,11,2 2 414
UPDATE,11,2 2 413
XTY,11,11,6 2 412
XY,12,4 2 411
DLACPY,12,2 2 410
UPDATE,12,2 2 409
XTY,12,12,6 2 408
XTY,12,12,9 2 407
XY,13,4 2 406
DLACPY,13,2 2 405
UPDATE,13,2 2 404
XTY,13,13,6 2 403
XTY,13,13,9 2 402
DLACPY,11,1 2 401
UPDATE,11,1 2 400
XTY,11,11,4 2 399
XTY,11,11,10 2 398
DLACPY,10,1 2 397
UPDATE,10,1 2 396
XTY,10,10,4 2 395
XTY,10,10,10 2 394
DLACPY,13,1 2 393
UPDATE,13,1 2 392
XTY,13,13,4 2 391
XTY,13,13,10 2 390
DLACPY,12,1 2 389
UPDATE,12,1 2 388
XTY,12,12,4 2 387
XTY,12,12,10 2 386
XY,0,3 2 385
DLACPY,0,1 2 384
UPDATE,0,1 2 383
XTY,0,0,4 2 382
XTY,0,0,10 2 381
XY,1,3 2 380
DLACPY,1,1 2 379
UPDATE,1,1 2 378
XTY,1,1,4 2 377
XTY,1,1,10 2 376
XY,2,3 2 375
DLACPY,2,1 2 374
UPDATE,2,1 2 373
XTY,2,2,4 2 372
XTY,2,2,10 2 371
XY,3,3 2 370
DLACPY,3,1 2 369
UPDATE,3,1 2 368
XTY,3,3,4 2 367
XTY,3,3,10 2 366
XY,4,3 2 365
DLACPY,4,1 2 364
UPDATE,4,1 2 363
XTY,4,4,4 2 362
XTY,4,4,10 2 361
XY,5,3 2 360
DLACPY,5,1 2 359
UPDATE,5,1 2 358
XTY,5,5,4 2 357
XTY,5,5,10 2 356
XY,6,3 2 355
DLACPY,6,1 2 354
UPDATE,6,1 2 353
XTY,6,6,4 2 352
XTY,6,6,10 2 351
XY,7,3 2 350
DLACPY,7,1 2 349
UPDATE,7,1 2 348
XTY,7,7,4 2 347
XTY,7,7,10 2 346
XY,8,3 2 345
DLACPY,8,1 2 344
UPDATE,8,1 2 343
XTY,8,8,4 2 342
XTY,8,8,10 2 341
XY,9,3 2 340
DLACPY,9,1 2 339
UPDATE,9,1 2 338
XTY,9,9,4 2 337
XTY,9,9,10 2 336
XY,14,3 2 335
DLACPY,14,1 2 334
UPDATE,14,1 2 333
XTY,14,14,10 2 332
XY,15,3 2 331
DLACPY,15,1 2 330
UPDATE,15,1 2 329
XTY,15,15,10 2 328
SETZERO,15,1 2 327
SPMM,15,0,0 2 326
SPMM,15,1,0 2 325
SPMM,15,2,0 2 324
SPMM,15,3,0 2 323
SPMM,15,4,0 2 322
SPMM,15,5,0 2 321
SPMM,15,6,0 2 320
SPMM,15,7,0 2 319
SPMM,15,8,0 2 318
SPMM,15,9,0 2 317
SPMM,15,10,0 2 316
SPMM,15,11,0 2 315
SPMM,15,12,0 2 314
SPMM,15,13,0 2 313
SPMM,15,14,0 2 312
SPMM,15,15,0 2 311
XTY,15,15,5 2 310
XTY,15,15,7 2 309
SETZERO,14,1 2 308
SPMM,14,7,0 2 307
SPMM,14,8,0 2 306
SPMM,14,9,0 2 305
SPMM,14,10,0 2 304
SPMM,14,11,0 2 303
SPMM,14,12,0 2 302
SPMM,14,13,0 2 301
SPMM,14,14,0 2 300
XTY,14,14,5 2 299
XTY,14,14,7 2 298
SETZERO,13,1 2 297
SPMM,13,7,0 2 296
SPMM,13,8,0 2 295
SPMM,13,9,0 2 294
SPMM,13,10,0 2 293
SPMM,13,11,0 2 292
SPMM,13,12,0 2 291
SPMM,13,13,0 2 290
XTY,13,13,5 2 289
XTY,13,13,7 2 288
SETZERO,12,1 2 287
SPMM,12,0,0 2 286
SPMM,12,1,0 2 285
SPMM,12,7,0 2 284
SPMM,12,8,0 2 283
SPMM,12,9,0 2 282
SPMM,12,10,0 2 281
SPMM,12,11,0 2 280
SPMM,12,12,0 2 279
XTY,12,12,5 2 278
XTY,12,12,7 2 277
SETZERO,11,1 2 276
SPMM,11,0,0 2 275
SPMM,11,1,0 2 274
SPMM,11,3,0 2 273
SPMM,11,7,0 2 272
SPMM,11,8,0 2 271
SPMM,11,9,0 2 270
SPMM,11,10,0 2 269
SPMM,11,11,0 2 268
XTY,11,11,5 2 267
XTY,11,11,7 2 266
SETZERO,10,1 2 265
SPMM,10,0,0 2 264
SPMM,10,1,0 2 263
SPMM,10,3,0 2 262
SPMM,10,7,0 2 261
SPMM,10,8,0 2 260
SPMM,10,9,0 2 259
SPMM,10,10,0 2 258
XTY,10,10,5 2 257
XTY,10,10,7 2 256
SETZERO,9,1 2 255
SPMM,9,7,0 2 254
SPMM,9,8,0 2 253
SPMM,9,9,0 2 252
XTY,9,9,5 2 251
XTY,9,9,7 2 250
SETZERO,8,1 2 249
SPMM,8,0,0 2 248
SPMM,8,1,0 2 247
SPMM,8,3,0 2 246
SPMM,8,7,0 2 245
SPMM,8,8,0 2 244
XTY,8,8,5 2 243
XTY,8,8,7 2 242
SETZERO,7,1 2 241
SPMM,7,0,0 2 240
SPMM,7,1,0 2 239
SPMM,7,2,0 2 238
SPMM,7,3,0 2 237
SPMM,7,4,0 2 236
SPMM,7,5,0 2 235
SPMM,7,6,0 2 234
SPMM,7,7,0 2 233
XTY,7,7,5 2 232
XTY,7,7,7 2 231
SETZERO,6,1 2 230
SPMM,6,0,0 2 229
SPMM,6,1,0 2 228
SPMM,6,2,0 2 227
SPMM,6,3,0 2 226
SPMM,6,4,0 2 225
SPMM,6,5,0 2 224
SPMM,6,6,0 2 223
XTY,6,6,5 2 222
XTY,6,6,7 2 221
SETZERO,5,1 2 220
SPMM,5,0,0 2 219
SPMM,5,1,0 2 218
SPMM,5,2,0 2 217
SPMM,5,3,0 2 216
SPMM,5,4,0 2 215
SPMM,5,5,0 2 214
XTY,5,5,5 2 213
XTY,5,5,7 2 212
SETZERO,4,1 2 211
SPMM,4,0,0 2 210
SPMM,4,1,0 2 209
SPMM,4,2,0 2 208
SPMM,4,3,0 2 207
SPMM,4,4,0 2 206
XTY,4,4,5 2 205
XTY,4,4,7 2 204
SETZERO,3,1 2 203
SPMM,3,0,0 2 202
SPMM,3,1,0 2 201
SPMM,3,2,0 2 200
SPMM,3,3,0 2 199
XTY,3,3,5 2 198
XTY,3,3,7 2 197
SETZERO,2,1 2 196
SPMM,2,0,0 2 195
SPMM,2,1,0 2 194
SPMM,2,2,0 2 193
XTY,2,2,5 2 192
XTY,2,2,7 2 191
SETZERO,1,1 2 190
SPMM,1,0,0 2 189
SPMM,1,1,0 2 188
XTY,1,1,5 2 187
XTY,1,1,7 2 186
SETZERO,0,1 2 185
SPMM,0,0,0 2 184
XTY,0,0,5 2 183
XTY,0,0,7 2 182
RED,RAPBUF,0 3 181
RED,RARBUF,0 3 180
TRANS,RAR 3 179
SPEUPDATE,RAR 3 178
RED,RBPBUF,0 3 177
XTY,15,15,4 3 176
XTY,14,14,4 3 175
RED,XARBUF,0 3 174
RED,XAPBUF,0 3 173
CONSTRUCTGA1 3 172
XTY,13,13,8 3 171
XTY,12,12,8 3 170
XTY,11,11,8 3 169
XTY,11,11,9 3 168
XTY,10,10,8 3 167
RED,PAPBUF,0 3 166
SPEUPDATE,PAP 3 165
CONSTRUCTGA2 3 164
XTY,10,10,9 3 163
RED,XBPBUF,0 3 162
CONSTRUCTGB 3 161
EIGEN 3 160
XY,4,6 3 159
XY,5,6 3 158
XY,6,6 3 157
XY,7,6 3 156
XY,8,6 3 155
XY,9,6 3 154
XY,10,6 3 153
XY,11,6 3 152
XY,12,6 3 151
XY,13,6 3 150
XY,14,6 3 149
XY,15,6 3 148
XY,4,7 3 147
ADD,4,1 3 146
XY,5,7 3 145
ADD,5,1 3 144
XY,6,7 3 143
ADD,6,1 3 142
XY,7,7 3 141
ADD,7,1 3 140
XY,8,7 3 139
ADD,8,1 3 138
XY,9,7 3 137
ADD,9,1 3 136
XY,10,7 3 135
ADD,10,1 3 134
XY,11,7 3 133
ADD,11,1 3 132
XY,12,7 3 131
ADD,12,1 3 130
XY,13,7 3 129
ADD,13,1 3 128
XY,14,7 3 127
ADD,14,1 3 126
XY,15,7 3 125
ADD,15,1 3 124
XY,6,8 3 123
XY,7,8 3 122
XY,6,9 3 121
ADD,6,2 3 120
XY,7,9 3 119
ADD,7,2 3 118
XY,6,10 3 117
ADD,6,3 3 116
XY,7,10 3 115
ADD,7,3 3 114
XY,8,10 3 113
ADD,8,3 3 112
XY,9,10 3 111
ADD,9,3 3 110
XY,10,10 3 109
ADD,10,3 3 108
XY,11,10 3 107
ADD,11,3 3 106
XY,12,10 3 105
ADD,12,3 3 104
XY,13,10 3 103
ADD,13,3 3 102
XY,14,10 3 101
ADD,14,3 3 100
XY,15,10 3 99
ADD,15,3 3 98
XY,6,11 3 97
ADD,6,4 3 96
XY,7,11 3 95
ADD,7,4 3 94
XY,0,6 4 93
XY,1,6 4 92
XY,2,6 4 91
XY,3,6 4 90
XY,0,7 4 89
ADD,0,1 4 88
XY,1,7 4 87
ADD,1,1 4 86
XY,2,7 4 85
ADD,2,1 4 84
XY,3,7 4 83
ADD,3,1 4 82
XY,0,8 4 81
XY,1,8 4 80
XY,2,8 4 79
XY,3,8 4 78
XY,4,8 4 77
XY,5,8 4 76
XY,8,8 4 75
XY,9,8 4 74
XY,10,8 4 73
XY,11,8 4 72
XY,12,8 4 71
XY,13,8 4 70
XY,14,8 4 69
XY,15,8 4 68
XY,0,9 4 67
ADD,0,2 4 66
XY,1,9 4 65
ADD,1,2 4 64
XY,2,9 4 63
ADD,2,2 4 62
XY,3,9 4 61
ADD,3,2 4 60
XY,4,9 4 59
ADD,4,2 4 58
XY,5,9 4 57
ADD,5,2 4 56
XY,8,9 4 55
ADD,8,2 4 54
XY,9,9 4 53
ADD,9,2 4 52
XY,10,9 4 51
ADD,10,2 4 50
XY,11,9 4 49
ADD,11,2 4 48
XY,12,9 4 47
ADD,12,2 4 46
XY,13,9 4 45
ADD,13,2 4 44
XY,14,9 4 43
ADD,14,2 4 42
XY,15,9 4 41
ADD,15,2 4 40
XY,0,10 4 39
ADD,0,3 4 38
XY,1,10 4 37
ADD,1,3 4 36
XY,2,10 4 35
ADD,2,3 4 34
XY,3,10 4 33
ADD,3,3 4 32
XY,4,10 4 31
ADD,4,3 4 30
XY,5,10 4 29
ADD,5,3 4 28
XY,0,11 4 27
ADD,0,4 4 26
XY,1,11 4 25
ADD,1,4 4 24
XY,2,11 4 23
ADD,2,4 4 22
XY,3,11 4 21
ADD,3,4 4 20
XY,4,11 4 19
ADD,4,4 4 18
XY,5,11 4 17
ADD,5,4 4 16
XY,8,11 4 15
ADD,8,4 4 14
XY,9,11 4 13
ADD,9,4 4 12
XY,10,11 4 11
ADD,10,4 4 10
XY,11,11 4 9
ADD,11,4 4 8
XY,12,11 4 7
ADD,12,4 4 6
XY,13,11 4 5
ADD,13,4 4 4
XY,14,11 4 3
ADD,14,4 4 2
XY,15,11 4 1
ADD,15,4 4 0
