124
19,1,3,0,1,0,124
19,1,2,0,1,0,123
19,1,1,0,1,0,122
19,1,0,0,1,0,121
1,0,1,RN,-1,0,120
22,0,1,_AX,-1,0,119
22,0,1,_X,-1,0,118
22,0,1,_AX,-1,0,117
22,0,1,_X,-1,0,116
22,0,1,_AX,-1,0,115
22,0,1,_X,-1,0,114
22,0,1,_AX,-1,0,113
22,0,1,_X,-1,0,112
22,0,1,_lambda,-1,0,111
5,1,0,0,1,0,110
9,1,0,0,1,0,109
10,1,0,0,-1,0,108
11,2,0,0,0,-1,0,107
5,1,1,0,1,0,106
9,1,1,0,1,0,105
10,1,1,0,-1,0,104
11,2,1,1,0,-1,0,103
5,1,2,0,1,0,102
9,1,2,0,1,0,101
10,1,2,0,-1,0,100
11,2,2,2,0,-1,0,99
5,1,3,0,1,0,98
9,1,3,0,1,0,97
10,1,3,0,-1,0,96
11,2,3,3,0,-1,0,95
12,0,1,RNBUF,-1,0,94
13,0,1,RN,-1,0,93
1,0,1,actMask,-1,0,92
20,0,1,actMask,-1,0,91
14,1,0,0,1,0,90
3,2,0,0,0,1,0,89
14,1,1,0,1,0,88
3,2,1,1,0,1,0,87
14,1,2,0,1,0,86
3,2,2,2,0,1,0,85
14,1,3,0,1,0,84
3,2,3,3,0,1,0,83
4,1,0,1,temp2BUF,-1,0,82
5,1,0,0,2,0,81
9,1,0,0,2,0,80
3,2,0,0,0,2,0,79
5,1,1,0,2,0,78
9,1,1,0,2,0,77
3,2,1,1,0,2,0,76
5,1,2,0,2,0,75
9,1,2,0,2,0,74
3,2,2,2,0,2,0,73
5,1,3,0,2,0,72
9,1,3,0,2,0,71
3,2,3,3,0,2,0,70
4,1,0,1,RBRBUF,-1,0,69
17,0,1,RBR,-1,0,68
18,0,1,RBR,-1,0,67
5,1,0,0,3,0,66
7,1,0,0,1,0,65
2,3,0,0,0,0,-1,0,64
2,3,2,0,0,0,-1,0,63
2,3,3,0,0,0,-1,0,62
8,1,0,0,1,0,61
3,2,0,0,0,4,0,60
5,1,1,0,3,0,59
7,1,1,0,1,0,58
2,3,0,1,0,0,-1,0,57
2,3,1,1,0,0,-1,0,56
2,3,2,1,0,0,-1,0,55
2,3,3,1,0,0,-1,0,54
8,1,1,0,1,0,53
3,2,1,1,0,4,0,52
5,1,2,0,3,0,51
7,1,2,0,1,0,50
2,3,0,2,0,0,-1,0,49
2,3,1,2,0,0,-1,0,48
2,3,2,2,0,0,-1,0,47
2,3,3,2,0,0,-1,0,46
8,1,2,0,1,0,45
3,2,2,2,0,4,0,44
5,1,3,0,3,0,43
7,1,3,0,1,0,42
2,3,0,3,0,0,-1,0,41
3,2,0,0,0,5,0,40
2,3,1,3,0,0,-1,0,39
3,2,1,1,0,5,0,38
2,3,2,3,0,0,-1,0,37
3,2,2,2,0,5,0,36
2,3,3,3,0,0,-1,0,35
3,2,3,3,0,5,0,34
4,1,0,1,RARBUF,-1,0,33
15,0,1,RAR,-1,0,32
16,0,1,RAR,-1,0,31
8,1,3,0,1,0,30
3,2,3,3,0,4,0,29
4,1,0,1,XARBUF,-1,0,28
21,0,1,CONSTRUCTGA,-1,0,27
21,0,1,CONSTRUCTGB,-1,0,26
21,0,1,EIGEN,-1,0,25
5,1,0,0,6,0,24
5,1,1,0,6,0,23
5,1,2,0,6,0,22
5,1,3,0,6,0,21
5,1,0,0,8,0,20
5,1,1,0,8,0,19
5,1,2,0,8,0,18
5,1,3,0,8,0,17
5,1,0,0,10,0,16
6,1,0,0,3,0,15
5,1,1,0,10,0,14
6,1,1,0,3,0,13
5,1,2,0,10,0,12
6,1,2,0,3,0,11
5,1,3,0,10,0,10
6,1,3,0,3,0,9
5,1,0,0,11,0,8
6,1,0,0,4,0,7
5,1,1,0,11,0,6
6,1,1,0,4,0,5
5,1,2,0,11,0,4
6,1,2,0,4,0,3
5,1,3,0,11,0,2
6,1,3,0,4,0,1
