214
19,1,3,0,1,0,214
19,1,2,0,1,0,213
19,1,1,0,1,0,212
19,1,0,0,1,0,211
1,0,1,RN,-1,0,210
22,0,1,_AP,-1,0,209
22,0,1,_P,-1,0,208
22,0,1,_AX,-1,0,207
22,0,1,_X,-1,0,206
22,0,1,_AP,-1,0,205
22,0,1,_P,-1,0,204
22,0,1,_AX,-1,0,203
22,0,1,_X,-1,0,202
22,0,1,_AP,-1,0,201
22,0,1,_P,-1,0,200
22,0,1,_AX,-1,0,199
22,0,1,_X,-1,0,198
22,0,1,_AP,-1,0,197
22,0,1,_P,-1,0,196
22,0,1,_AX,-1,0,195
22,0,1,_X,-1,0,194
22,0,1,_lambda,-1,0,193
5,1,0,0,1,0,192
9,1,0,0,1,0,191
10,1,0,0,-1,0,190
11,2,0,0,0,-1,0,189
5,1,1,0,1,0,188
9,1,1,0,1,0,187
10,1,1,0,-1,0,186
11,2,1,1,0,-1,0,185
5,1,2,0,1,0,184
9,1,2,0,1,0,183
10,1,2,0,-1,0,182
11,2,2,2,0,-1,0,181
5,1,3,0,1,0,180
9,1,3,0,1,0,179
10,1,3,0,-1,0,178
11,2,3,3,0,-1,0,177
12,0,1,RNBUF,-1,0,176
13,0,1,RN,-1,0,175
1,0,1,actMask,-1,0,174
20,0,1,actMask,-1,0,173
14,1,0,0,1,0,172
3,2,0,0,0,1,0,171
14,1,1,0,1,0,170
3,2,1,1,0,1,0,169
14,1,2,0,1,0,168
3,2,2,2,0,1,0,167
14,1,3,0,1,0,166
3,2,3,3,0,1,0,165
4,1,0,1,temp2BUF,-1,0,164
5,1,0,0,2,0,163
9,1,0,0,2,0,162
3,2,0,0,0,2,0,161
5,1,1,0,2,0,160
9,1,1,0,2,0,159
3,2,1,1,0,2,0,158
5,1,2,0,2,0,157
9,1,2,0,2,0,156
3,2,2,2,0,2,0,155
5,1,3,0,2,0,154
9,1,3,0,2,0,153
3,2,3,3,0,2,0,152
4,1,0,1,RBRBUF,-1,0,151
17,0,1,RBR,-1,0,150
18,0,1,RBR,-1,0,149
5,1,0,0,3,0,148
7,1,0,0,1,0,147
2,3,0,0,0,0,-1,0,146
2,3,2,0,0,0,-1,0,145
2,3,3,0,0,0,-1,0,144
8,1,0,0,1,0,143
3,2,0,0,0,4,0,142
5,1,1,0,3,0,141
7,1,1,0,1,0,140
2,3,0,1,0,0,-1,0,139
2,3,1,1,0,0,-1,0,138
2,3,2,1,0,0,-1,0,137
2,3,3,1,0,0,-1,0,136
8,1,1,0,1,0,135
3,2,1,1,0,4,0,134
5,1,2,0,3,0,133
7,1,2,0,1,0,132
2,3,0,2,0,0,-1,0,131
2,3,1,2,0,0,-1,0,130
2,3,2,2,0,0,-1,0,129
2,3,3,2,0,0,-1,0,128
8,1,2,0,1,0,127
3,2,2,2,0,4,0,126
5,1,3,0,3,0,125
7,1,3,0,1,0,124
2,3,0,3,0,0,-1,0,123
3,2,0,0,0,5,0,122
2,3,1,3,0,0,-1,0,121
3,2,1,1,0,5,0,120
2,3,2,3,0,0,-1,0,119
3,2,2,2,0,5,0,118
2,3,3,3,0,0,-1,0,117
3,2,3,3,0,5,0,116
4,1,0,1,RARBUF,-1,0,115
15,0,1,RAR,-1,0,114
16,0,1,RAR,-1,0,113
8,1,3,0,1,0,112
3,2,3,3,0,4,0,111
4,1,0,1,XARBUF,-1,0,110
14,1,0,0,2,0,109
3,2,0,0,0,3,0,108
14,1,1,0,2,0,107
3,2,1,1,0,3,0,106
14,1,2,0,2,0,105
3,2,2,2,0,3,0,104
14,1,3,0,2,0,103
3,2,3,3,0,3,0,102
4,1,0,1,PBPBUF,-1,0,101
17,0,1,PBP,-1,0,100
18,0,1,PBP,-1,0,99
5,1,0,0,4,0,98
7,1,0,0,2,0,97
8,1,0,0,2,0,96
3,2,0,0,0,6,0,95
3,2,0,0,0,7,0,94
3,2,0,0,0,9,0,93
3,2,0,0,0,10,0,92
5,1,1,0,4,0,91
7,1,1,0,2,0,90
8,1,1,0,2,0,89
3,2,1,1,0,6,0,88
3,2,1,1,0,7,0,87
3,2,1,1,0,9,0,86
3,2,1,1,0,10,0,85
5,1,2,0,4,0,84
7,1,2,0,2,0,83
8,1,2,0,2,0,82
3,2,2,2,0,6,0,81
3,2,2,2,0,7,0,80
3,2,2,2,0,9,0,79
3,2,2,2,0,10,0,78
5,1,3,0,4,0,77
7,1,3,0,2,0,76
8,1,3,0,2,0,75
3,2,3,3,0,6,0,74
4,1,0,1,XAPBUF,-1,0,73
21,0,1,CONSTRUCTGA1,-1,0,72
3,2,3,3,0,7,0,71
4,1,0,1,RAPBUF,-1,0,70
3,2,3,3,0,9,0,69
4,1,0,1,XBPBUF,-1,0,68
3,2,3,3,0,10,0,67
4,1,0,1,RBPBUF,-1,0,66
21,0,1,CONSTRUCTGB,-1,0,65
14,1,0,0,3,0,64
5,1,0,0,5,0,63
7,1,0,0,3,0,62
8,1,0,0,3,0,61
3,2,0,0,0,8,0,60
14,1,1,0,3,0,59
5,1,1,0,5,0,58
7,1,1,0,3,0,57
8,1,1,0,3,0,56
3,2,1,1,0,8,0,55
14,1,2,0,3,0,54
5,1,2,0,5,0,53
7,1,2,0,3,0,52
8,1,2,0,3,0,51
3,2,2,2,0,8,0,50
14,1,3,0,3,0,49
5,1,3,0,5,0,48
7,1,3,0,3,0,47
8,1,3,0,3,0,46
3,2,3,3,0,8,0,45
4,1,0,1,PAPBUF,-1,0,44
16,0,1,PAP,-1,0,43
21,0,1,CONSTRUCTGA2,-1,0,42
21,0,1,EIGEN,-1,0,41
5,1,0,0,6,0,40
5,1,1,0,6,0,39
5,1,2,0,6,0,38
5,1,3,0,6,0,37
5,1,0,0,7,0,36
6,1,0,0,1,0,35
5,1,1,0,7,0,34
6,1,1,0,1,0,33
5,1,2,0,7,0,32
6,1,2,0,1,0,31
5,1,3,0,7,0,30
6,1,3,0,1,0,29
5,1,0,0,8,0,28
5,1,1,0,8,0,27
5,1,2,0,8,0,26
5,1,3,0,8,0,25
5,1,0,0,9,0,24
6,1,0,0,2,0,23
5,1,1,0,9,0,22
6,1,1,0,2,0,21
5,1,2,0,9,0,20
6,1,2,0,2,0,19
5,1,3,0,9,0,18
6,1,3,0,2,0,17
5,1,0,0,10,0,16
6,1,0,0,3,0,15
5,1,1,0,10,0,14
6,1,1,0,3,0,13
5,1,2,0,10,0,12
6,1,2,0,3,0,11
5,1,3,0,10,0,10
6,1,3,0,3,0,9
5,1,0,0,11,0,8
6,1,0,0,4,0,7
5,1,1,0,11,0,6
6,1,1,0,4,0,5
5,1,2,0,11,0,4
6,1,2,0,4,0,3
5,1,3,0,11,0,2
6,1,3,0,4,0,1
