57
19,1,3,0,1,0,57
19,1,2,0,1,0,56
19,1,1,0,1,0,55
19,1,0,0,1,0,54
22,0,1,_X,-1,0,53
3,2,3,3,0,20,0,52
22,0,1,_X,-1,0,51
3,2,2,2,0,20,0,50
22,0,1,_X,-1,0,49
3,2,1,1,0,20,0,48
22,0,1,_X,-1,0,47
3,2,0,0,0,20,0,46
4,1,0,1,XBXBUF,-1,0,45
17,0,1,XBX,-1,0,44
7,1,0,0,20,0,43
18,0,1,XBX,-1,0,42
5,1,0,0,20,0,41
7,1,0,0,21,0,40
2,3,0,0,0,0,-1,0,39
2,3,1,0,0,0,-1,0,38
5,1,1,0,20,0,37
7,1,1,0,21,0,36
2,3,0,1,0,0,-1,0,35
3,2,0,0,0,21,0,34
2,3,1,1,0,0,-1,0,33
2,3,2,1,0,0,-1,0,32
5,1,2,0,20,0,31
7,1,2,0,21,0,30
2,3,1,2,0,0,-1,0,29
3,2,1,1,0,21,0,28
2,3,2,2,0,0,-1,0,27
2,3,3,2,0,0,-1,0,26
5,1,3,0,20,0,25
7,1,3,0,21,0,24
2,3,2,3,0,0,-1,0,23
3,2,2,2,0,21,0,22
2,3,3,3,0,0,-1,0,21
3,2,3,3,0,21,0,20
4,1,0,1,XAXBUF,-1,0,19
16,0,1,XAX,-1,0,18
21,0,1,EIGEN,-1,0,17
5,1,0,0,21,0,16
7,1,0,0,22,0,15
5,1,1,0,21,0,14
7,1,1,0,22,0,13
5,1,2,0,21,0,12
7,1,2,0,22,0,11
5,1,3,0,21,0,10
7,1,3,0,22,0,9
5,1,0,0,22,0,8
7,1,0,0,23,0,7
5,1,1,0,22,0,6
7,1,1,0,23,0,5
5,1,2,0,22,0,4
7,1,2,0,23,0,3
5,1,3,0,22,0,2
7,1,3,0,23,0,1
